 7.907271714903298E+015 8.646592937982461E+016
 1.420270056582015E+016 9.107143247630037E+016
 2.547961074567360E+016 9.890993563146358E+016
 3.981682264401682E+016 1.075700976072528E+017
 5.690191376828427E+016 1.170354881556250E+017
 7.654265451039552E+016 1.274588715303340E+017
 9.599860210203197E+016 1.376766030932819E+017
 1.155356233044224E+017 1.480654780397585E+017
 1.332679854443288E+017 1.582847529366856E+017
 1.493003707060287E+017 1.680642582811118E+017
 1.629201644362924E+017 1.773284323588259E+017
 1.757510123007267E+017 1.862774285284700E+017
 1.873534805143037E+017 1.952057548820026E+017
 1.965479730154214E+017 2.036065781156081E+017
 2.058898158888309E+017 2.112880286502616E+017
 2.138618479714590E+017 2.183783923080121E+017
 2.208926769768630E+017 2.242776883903894E+017
 2.277251901209226E+017 2.303276212270987E+017
 2.342000743425771E+017 2.356615846132809E+017
 2.398530376863141E+017 2.413822941989200E+017
 2.446550813400102E+017 2.461468470054218E+017
 2.500002576988919E+017 2.510247312688702E+017
 2.551627380454220E+017 2.553827961031383E+017
 2.602367733453021E+017 2.594583310578008E+017
 2.639984324622618E+017 2.653822783338463E+017
 2.683570157831628E+017 2.702141573118179E+017
 2.723292580001062E+017 2.728051569251755E+017
 2.754633448945804E+017 2.775203079634236E+017
 2.790299123635363E+017 2.806295197730588E+017
 2.836808723818625E+017 2.841589334003491E+017
 2.868103499399002E+017 2.853407686561119E+017
 2.892453034433334E+017 2.873164563973374E+017
 2.916242570224712E+017 2.913619654616140E+017
 2.944450003620419E+017 2.955929861554579E+017
 2.976117371329903E+017 2.980641717407622E+017
 3.009359090059192E+017 3.001503456843345E+017
 3.036555195460265E+017 3.044542052892831E+017
 3.057107439577036E+017 3.055921638251711E+017
 3.079813110309857E+017 3.077333435446776E+017
 3.110887519838335E+017 3.105223441573430E+017
 3.135233379354425E+017 3.144985720173994E+017
 3.155143368680388E+017 3.167483113028174E+017
 3.178874355079366E+017 3.178696620709672E+017
 3.199293086450216E+017 3.204732121860112E+017
 3.210605035638383E+017 3.221150368682478E+017
 3.232453751799804E+017 3.245740392663042E+017
 3.257667748606588E+017 3.253681941603707E+017
 3.274910129560350E+017 3.272204982441683E+017
 3.290197552383049E+017 3.312925753023427E+017
 3.314165620786004E+017 3.314723108369477E+017
 3.327578500414875E+017 3.332596725915392E+017
 3.343234112136090E+017 3.349493968955526E+017
 3.358935737262975E+017 3.361281940953124E+017
 3.373754742321016E+017 3.376006902904229E+017
 3.385265168113449E+017 3.379770344099525E+017
 3.406820173487379E+017 3.418698737988660E+017
 3.419121830545676E+017 3.411002321490383E+017
 3.432158754412678E+017 3.410657365274022E+017
 3.444021560657135E+017 3.457486863505418E+017
 3.462895898849967E+017 3.467672587777208E+017
 3.472211889973132E+017 3.492708312523725E+017
 3.486143478544371E+017 3.494450234107546E+017
 3.500871428199028E+017 3.509854162055850E+017
 3.513342439209545E+017 3.513483653613177E+017
 3.521844165865001E+017 3.524240835119279E+017
 3.532010472326740E+017 3.532174750292758E+017
 3.533728318944659E+017 3.556644850572890E+017
 3.548596147594876E+017 3.541642762176899E+017
 3.556453097630295E+017 3.554685021380273E+017
 3.563325063437812E+017 3.558730775659418E+017
 3.570544732378375E+017 3.590996188911587E+017
 3.589680295468177E+017 3.578604998630051E+017
 3.588617168401284E+017 3.583271509840193E+017
 3.599065078804476E+017 3.600725132842941E+017
 3.601704000699946E+017 3.595533386491524E+017
 3.605672516759727E+017 3.613651408666608E+017
 3.621417706605401E+017 3.629565459314053E+017
 3.618893991848887E+017 3.609009942971078E+017
 3.629281262354413E+017 3.629657565299988E+017
 3.633824612020276E+017 3.663128296600933E+017
 3.639085766763926E+017 3.641327997977818E+017
 3.644137519334784E+017 3.639172459199425E+017
 3.641914114434438E+017 3.654222494239535E+017
 3.652681546960373E+017 3.653804599560055E+017
 3.655191976234794E+017 3.660531874447267E+017
 3.667365865301386E+017 3.664243810706269E+017
 3.663175110368058E+017 3.666974842158240E+017
 3.660603288035176E+017 3.681201584523345E+017
 3.670569510561661E+017 3.662560467200479E+017
 3.675949903581258E+017 3.676011382601013E+017
 3.671867051356164E+017 3.686400260795865E+017
 3.677889456358051E+017 3.684715777206545E+017
 3.684351122047283E+017 3.678287704163994E+017
 3.678888924628581E+017 3.697225534245930E+017
 3.686577252005105E+017 3.671896702890525E+017
 3.681087559402551E+017 3.681208810459846E+017
 3.679969929225972E+017 3.696486533224143E+017
 3.685174725133810E+017 3.692605756282085E+017
 3.681259990422802E+017 3.672782852055459E+017
 3.678700014477313E+017 3.667738107366397E+017
 3.690268575512234E+017 3.678121270105231E+017
 3.672881837751434E+017 3.664740589170269E+017
 3.677247631677540E+017 3.659645897115478E+017
 3.676581785995109E+017 3.681350761727663E+017
 3.668214900607556E+017 3.659466958543016E+017
 3.667820465716251E+017 3.697948465392729E+017
 3.671836459633164E+017 3.661749648828227E+017
 3.653640355049764E+017 3.654956257760012E+017
 3.654001107828308E+017 3.670717612083458E+017
 3.654330072891002E+017 3.655330319283073E+017
 3.649390045271195E+017 3.660514410425325E+017
 3.649806075704480E+017 3.670465635417601E+017
 3.640008420693813E+017 3.653885802050629E+017
 3.636617508386022E+017 3.640467338299004E+017
 3.625933629379014E+017 3.611042306098601E+017
 3.620100870023323E+017 3.618792008709971E+017
 3.629185703913564E+017 3.634991873078802E+017
 3.615515545151743E+017 3.605904687905125E+017
 3.598225198475127E+017 3.596384905852858E+017
 3.594543537790444E+017 3.599625307597283E+017
 3.590383059890577E+017 3.593487358854990E+017
 3.580251209352224E+017 3.606461704843651E+017
 3.578132270103392E+017 3.579748560510950E+017
 3.575489858690751E+017 3.573343279731009E+017
 3.555889732837018E+017 3.576315602351786E+017
 3.547076942800993E+017 3.543115584436556E+017
 3.539416770349551E+017 3.517359692905215E+017
 3.521997394610874E+017 3.511748524474592E+017
 3.510456233246175E+017 3.517472646684549E+017
 3.503476462564547E+017 3.510936875329929E+017
 3.490664157641776E+017 3.492174904041267E+017
 3.482031075239544E+017 3.460584364984629E+017
 3.475067792844686E+017 3.495190052042133E+017
 3.452845313928768E+017 3.473664508770673E+017
 3.448827014159564E+017 3.432880871312748E+017
 3.430969062645358E+017 3.442577877318852E+017
 3.422888540757975E+017 3.430286326058271E+017
 3.404727720176197E+017 3.429179891027163E+017
 3.387186818602350E+017 3.389437621818908E+017
 3.376241655655118E+017 3.382685254902596E+017
 3.361109695066169E+017 3.358382752618895E+017
 3.339746284549952E+017 3.349142303585082E+017
 3.328148228502456E+017 3.319080488614412E+017
 3.306012282375894E+017 3.299952194724311E+017
 3.291892624289015E+017 3.291535904785100E+017
 3.270522605919887E+017 3.274484974398479E+017
 3.258000617576607E+017 3.256876860644627E+017
 3.237798212599165E+017 3.234907086669639E+017
 3.218037465667535E+017 3.234369740232367E+017
 3.203339302090293E+017 3.199103311750013E+017
 3.177794197294765E+017 3.176366950443868E+017
 3.150091775394862E+017 3.142349570634117E+017
 3.128863355784184E+017 3.125948895971611E+017
 3.107634891074161E+017 3.104759526703948E+017
 3.086166170555953E+017 3.094828519332597E+017
 3.051900836113494E+017 3.057234431663323E+017
 3.028798733163965E+017 3.029270528259886E+017
 3.008149707948762E+017 3.017494876716584E+017
 2.980768148215892E+017 2.999937416159896E+017
 2.952830935150175E+017 2.968123862710856E+017
 2.923087254545998E+017 2.944320344731567E+017
 2.896603513680709E+017 2.905006254249091E+017
 2.860208267651021E+017 2.874247123471605E+017
 2.828150106854557E+017 2.841889175313631E+017
 2.786653797760356E+017 2.786923993522126E+017
 2.758546501967957E+017 2.760404657605984E+017
 2.725611434827349E+017 2.731316034943194E+017
 2.679837260189820E+017 2.688103328289750E+017
 2.637285555015969E+017 2.650135146154256E+017
 2.591568160454390E+017 2.607611522517622E+017
 2.553916651966972E+017 2.556142174035161E+017
 2.503146847589982E+017 2.513971367176959E+017
 2.451907545224392E+017 2.464780496591777E+017
 2.400679016310898E+017 2.415399233238419E+017
 2.342991316870094E+017 2.362343825083972E+017
 2.276134964976579E+017 2.317567335623813E+017
 2.213039575712312E+017 2.261344782149405E+017
 2.140038614240830E+017 2.187307681531473E+017
 2.063468563485901E+017 2.110360570513479E+017
 1.975724105703382E+017 2.030673861150794E+017
 1.873245599259976E+017 1.945613705443305E+017
 1.757855522018579E+017 1.857928548870564E+017
 1.631188932437288E+017 1.769949718712277E+017
 1.490154887478794E+017 1.672170916752011E+017
 1.329986823819252E+017 1.575593454045215E+017
 1.150943030591511E+017 1.476462555639717E+017
 9.567457608701974E+016 1.374679491959398E+017
 7.626618948055898E+016 1.271036858813787E+017
 5.744497921541714E+016 1.173340768662733E+017
 4.002855737338442E+016 1.080781796157135E+017
 2.555602564299660E+016 9.947227696362864E+016
 1.415459099013547E+016 9.166730687877704E+016
 7.965620952461858E+015 8.702622387289274E+016
