       0.0000   2.2144E-19
       0.0006   2.2144E-19
       0.0006   2.2144E-19
       0.0007   2.2144E-19
       0.0007   2.2144E-19
       0.0008   2.2144E-19
       0.0009   2.2144E-19
       0.0010   2.2144E-19
       0.0010   2.2144E-19
       0.0011   2.2144E-19
       0.0012   2.2144E-19
       0.0013   2.2144E-19
       0.0014   2.2144E-19
       0.0016   2.2144E-19
       0.0017   2.2144E-19
       0.0019   2.2144E-19
       0.0021   2.2144E-19
       0.0023   2.2144E-19
       0.0025   2.2144E-19
       0.0028   2.2144E-19
       0.0031   2.2144E-19
       0.0034   2.2144E-19
       0.0037   2.2144E-19
       0.0041   2.2144E-19
       0.0045   2.2144E-19
       0.0049   2.2144E-19
       0.0054   2.2144E-19
       0.0060   2.2144E-19
       0.0066   2.2144E-19
       0.0067   2.2144E-19
       0.0072   2.2144E-19
       0.0073   2.2144E-19
       0.0079   2.2144E-19
       0.0081   2.2144E-19
       0.0087   2.2144E-19
       0.0089   2.2144E-19
       0.0096   2.2144E-19
       0.0097   2.2144E-19
       0.0098   2.2144E-19
       0.0100   2.2144E-19
       0.0106   2.2144E-19
       0.0107   2.2144E-19
       0.0107   2.2144E-19
       0.0110   2.2144E-19
       0.0116   2.2144E-19
       0.0118   2.2144E-19
       0.0118   2.2144E-19
       0.0125   2.2144E-19
       0.0128   2.2144E-19
       0.0130   2.2144E-19
       0.0130   2.2144E-19
       0.0137   2.2144E-19
       0.0141   2.2144E-19
       0.0143   2.2144E-19
       0.0143   2.2144E-19
       0.0152   2.2144E-19
       0.0155   2.2144E-19
       0.0157   2.2144E-19
       0.0157   2.2144E-19
       0.0170   2.2144E-19
       0.0172   2.2144E-19
       0.0173   2.2144E-19
       0.0173   2.2144E-19
       0.0187   2.2144E-19
       0.0190   2.2144E-19
       0.0190   2.2144E-19
       0.0195   2.2144E-19
       0.0197   2.2144E-19
       0.0200   2.2144E-19
       0.0206   2.2144E-19
       0.0209   2.2144E-19
       0.0209   2.2144E-19
       0.0224   2.2144E-19
       0.0226   2.2144E-19
       0.0230   2.2144E-19
       0.0230   2.2144E-19
       0.0249   2.2144E-19
       0.0253   2.2144E-19
       0.0253   2.2144E-19
       0.0253   2.2144E-19
       0.0267   2.2144E-19
       0.0274   2.2144E-19
       0.0278   2.2144E-19
       0.0278   2.2144E-19
       0.0285   2.2144E-19
       0.0293   2.2144E-19
       0.0300   2.2144E-19
       0.0301   2.2144E-19
       0.0306   2.2144E-19
       0.0306   2.2144E-19
       0.0314   2.2144E-19
       0.0318   2.2144E-19
       0.0331   2.2144E-19
       0.0336   2.2144E-19
       0.0337   2.2144E-19
       0.0355   2.2144E-19
       0.0364   2.2144E-19
       0.0370   2.2144E-19
       0.0371   2.2144E-19
       0.0396   2.2144E-19
       0.0400   2.2144E-19
       0.0401   2.2144E-19
       0.0407   2.2144E-19
       0.0408   2.2144E-19
       0.0438   2.2144E-19
       0.0441   2.2144E-19
       0.0448   2.2144E-19
       0.0448   2.2144E-19
       0.0480   2.2144E-19
       0.0485   2.2144E-19
       0.0487   2.2144E-19
       0.0492   2.2144E-19
       0.0493   2.2144E-19
       0.0500   2.2144E-19
       0.0505   2.2144E-19
       0.0526   2.2144E-19
       0.0534   2.2144E-19
       0.0542   2.2144E-19
       0.0543   2.2144E-19
       0.0571   2.2144E-19
       0.0582   2.2083E-19
       0.0587   2.2054E-19
       0.0596   2.2003E-19
       0.0597   2.1997E-19
       0.0600   2.1979E-19
       0.0646   2.1715E-19
       0.0650   2.1691E-19
       0.0655   2.1658E-19
       0.0657   2.1651E-19
       0.0667   2.1593E-19
       0.0673   2.1558E-19
       0.0700   2.1400E-19
       0.0710   2.1341E-19
       0.0721   2.1278E-19
       0.0722   2.1272E-19
       0.0739   2.1176E-19
       0.0781   2.0930E-19
       0.0785   2.0911E-19
       0.0793   2.0880E-19
       0.0794   2.0875E-19
       0.0800   2.0855E-19
       0.0810   2.0819E-19
       0.0840   2.0711E-19
       0.0859   2.0641E-19
       0.0872   2.0594E-19
       0.0874   2.0589E-19
       0.0889   2.0533E-19
       0.0900   2.0495E-19
       0.0945   2.0331E-19
       0.0955   2.0296E-19
       0.0960   2.0279E-19
       0.0961   2.0273E-19
       0.0985   2.0188E-19
       0.0996   2.0149E-19
       0.1000   2.0134E-19
       0.1000   2.0134E-19
       0.1009   2.0101E-19
       0.1040   1.9990E-19
       0.1056   1.9933E-19
       0.1057   1.9927E-19
       0.1083   1.9834E-19
       0.1083   1.9833E-19
       0.1095   1.9790E-19
       0.1137   1.9640E-19
       0.1144   1.9615E-19
       0.1161   1.9552E-19
       0.1163   1.9545E-19
       0.1173   1.9509E-19
       0.1185   1.9466E-19
       0.1200   1.9413E-19
       0.1205   1.9395E-19
       0.1210   1.9376E-19
       0.1258   1.9203E-19
       0.1259   1.9200E-19
       0.1262   1.9189E-19
       0.1271   1.9173E-19
       0.1277   1.9160E-19
       0.1279   1.9156E-19
       0.1293   1.9131E-19
       0.1300   1.9118E-19
       0.1310   1.9100E-19
       0.1325   1.9071E-19
       0.1331   1.9061E-19
       0.1376   1.8977E-19
       0.1384   1.8962E-19
       0.1405   1.8923E-19
       0.1407   1.8919E-19
       0.1458   1.8825E-19
       0.1464   1.8813E-19
       0.1470   1.8802E-19
       0.1491   1.8764E-19
       0.1522   1.8705E-19
       0.1546   1.8662E-19
       0.1548   1.8657E-19
       0.1580   1.8598E-19
       0.1585   1.8589E-19
       0.1604   1.8554E-19
       0.1611   1.8541E-19
       0.1615   1.8534E-19
       0.1656   1.8456E-19
       0.1675   1.8422E-19
       0.1700   1.8374E-19
       0.1703   1.8369E-19
       0.1749   1.8284E-19
       0.1764   1.8256E-19
       0.1772   1.8242E-19
       0.1800   1.8189E-19
       0.1810   1.8170E-19
       0.1842   1.8111E-19
       0.1849   1.8098E-19
       0.1870   1.8058E-19
       0.1873   1.8053E-19
       0.1894   1.8014E-19
       0.1940   1.7928E-19
       0.1949   1.7912E-19
       0.1995   1.7826E-19
       0.2000   1.7817E-19
       0.2000   1.7817E-19
       0.2010   1.7798E-19
       0.2026   1.7768E-19
       0.2051   1.7721E-19
       0.2057   1.7711E-19
       0.2061   1.7704E-19
       0.2064   1.7698E-19
       0.2100   1.7631E-19
       0.2106   1.7619E-19
       0.2110   1.7613E-19
       0.2112   1.7608E-19
       0.2134   1.7593E-19
       0.2144   1.7586E-19
       0.2200   1.7546E-19
       0.2210   1.7539E-19
       0.2222   1.7530E-19
       0.2229   1.7525E-19
       0.2263   1.7501E-19
       0.2267   1.7498E-19
       0.2304   1.7471E-19
       0.2348   1.7440E-19
       0.2358   1.7433E-19
       0.2407   1.7398E-19
       0.2452   1.7366E-19
       0.2489   1.7339E-19
       0.2493   1.7336E-19
       0.2512   1.7323E-19
       0.2549   1.7296E-19
       0.2583   1.7272E-19
       0.2594   1.7264E-19
       0.2600   1.7260E-19
       0.2607   1.7255E-19
       0.2610   1.7253E-19
       0.2697   1.7191E-19
       0.2738   1.7161E-19
       0.2743   1.7158E-19
       0.2806   1.7113E-19
       0.2813   1.7108E-19
       0.2823   1.7100E-19
       0.2841   1.7088E-19
       0.2846   1.7084E-19
       0.2853   1.7079E-19
       0.2900   1.7046E-19
       0.2910   1.7039E-19
       0.2967   1.6998E-19
       0.3000   1.6974E-19
       0.3000   1.6974E-19
       0.3010   1.6967E-19
       0.3012   1.6966E-19
       0.3017   1.6962E-19
       0.3058   1.6933E-19
       0.3100   1.6903E-19
       0.3110   1.6896E-19
       0.3125   1.6885E-19
       0.3138   1.6875E-19
       0.3162   1.6858E-19
       0.3200   1.6831E-19
       0.3206   1.6827E-19
       0.3210   1.6824E-19
       0.3263   1.6786E-19
       0.3312   1.6751E-19
       0.3313   1.6750E-19
       0.3319   1.6747E-19
       0.3437   1.6662E-19
       0.3452   1.6651E-19
       0.3500   1.6617E-19
       0.3510   1.6610E-19
       0.3587   1.6555E-19
       0.3590   1.6553E-19
       0.3645   1.6514E-19
       0.3645   1.6513E-19
       0.3651   1.6509E-19
       0.3746   1.6441E-19
       0.3781   1.6416E-19
       0.3797   1.6404E-19
       0.3800   1.6403E-19
       0.3810   1.6396E-19
       0.3885   1.6342E-19
       0.3900   1.6331E-19
       0.3910   1.6324E-19
       0.3949   1.6296E-19
       0.3981   1.6273E-19
       0.4000   1.6260E-19
       0.4000   1.6260E-19
       0.4009   1.6253E-19
       0.4010   1.6253E-19
       0.4016   1.6249E-19
       0.4033   1.6237E-19
       0.4100   1.6188E-19
       0.4110   1.6181E-19
       0.4142   1.6158E-19
       0.4159   1.6146E-19
       0.4177   1.6134E-19
       0.4208   1.6112E-19
       0.4344   1.6017E-19
       0.4400   1.5977E-19
       0.4410   1.5970E-19
       0.4410   1.5970E-19
       0.4417   1.5965E-19
       0.4558   1.5866E-19
       0.4575   1.5854E-19
       0.4585   1.5847E-19
       0.4595   1.5840E-19
       0.4600   1.5837E-19
       0.4610   1.5830E-19
       0.4700   1.5766E-19
       0.4710   1.5759E-19
       0.4778   1.5712E-19
       0.4851   1.5660E-19
       0.4859   1.5655E-19
       0.4900   1.5626E-19
       0.4910   1.5619E-19
       0.4937   1.5600E-19
       0.5000   1.5556E-19
       0.5000   1.5556E-19
       0.5010   1.5549E-19
       0.5012   1.5547E-19
       0.5033   1.5533E-19
       0.5054   1.5517E-19
       0.5160   1.5443E-19
       0.5200   1.5415E-19
       0.5210   1.5408E-19
       0.5256   1.5376E-19
       0.5300   1.5345E-19
       0.5310   1.5338E-19
       0.5336   1.5320E-19
       0.5345   1.5314E-19
       0.5347   1.5312E-19
       0.5359   1.5304E-19
       0.5400   1.5275E-19
       0.5410   1.5268E-19
       0.5536   1.5179E-19
       0.5560   1.5162E-19
       0.5781   1.5007E-19
       0.5792   1.5000E-19
       0.5870   1.4945E-19
       0.5879   1.4938E-19
       0.6000   1.4853E-19
       0.6000   1.4853E-19
       0.6010   1.4846E-19
       0.6090   1.4790E-19
       0.6116   1.4772E-19
       0.6263   1.4668E-19
       0.6273   1.4662E-19
       0.6310   1.4636E-19
       0.6360   1.4601E-19
       0.6456   1.4533E-19
       0.6467   1.4525E-19
       0.6500   1.4502E-19
       0.6510   1.4495E-19
       0.6666   1.4386E-19
       0.6699   1.4363E-19
       0.6700   1.4362E-19
       0.6710   1.4355E-19
       0.6727   1.4342E-19
       0.6794   1.4295E-19
       0.6995   1.4154E-19
       0.7000   1.4151E-19
       0.7000   1.4151E-19
       0.7010   1.4144E-19
       0.7102   1.4079E-19
       0.7114   1.4071E-19
       0.7200   1.4011E-19
       0.7210   1.4003E-19
       0.7212   1.4002E-19
       0.7254   1.3986E-19
       0.7359   1.3946E-19
       0.7368   1.3942E-19
       0.7400   1.3930E-19
       0.7540   1.3877E-19
       0.7600   1.3854E-19
       0.7610   1.3850E-19
       0.7695   1.3817E-19
       0.7800   1.3777E-19
       0.7810   1.3773E-19
       0.7812   1.3773E-19
       0.7825   1.3768E-19
       0.7943   1.3722E-19
       0.7971   1.3712E-19
       0.8000   1.3701E-19
       0.8000   1.3701E-19
       0.8105   1.3661E-19
       0.8140   1.3647E-19
       0.8324   1.3577E-19
       0.8400   1.3548E-19
       0.8410   1.3544E-19
       0.8464   1.3523E-19
       0.8500   1.3510E-19
       0.8510   1.3506E-19
       0.8594   1.3474E-19
       0.8600   1.3471E-19
       0.8608   1.3468E-19
       0.8610   1.3468E-19
       0.8633   1.3459E-19
       0.8892   1.3360E-19
       0.8900   1.3357E-19
       0.8910   1.3353E-19
       0.8916   1.3351E-19
       0.8954   1.3336E-19
       0.9000   1.3319E-19
       0.9000   1.3319E-19
       0.9010   1.3315E-19
       0.9300   1.3204E-19
       0.9310   1.3200E-19
       0.9311   1.3200E-19
       0.9351   1.3185E-19
       0.9453   1.3145E-19
       0.9469   1.3139E-19
       0.9500   1.3127E-19
       0.9510   1.3124E-19
       0.9686   1.3056E-19
       0.9807   1.3010E-19
       0.9850   1.2994E-19
       1.0000   1.2936E-19
       1.0030   1.2925E-19
       1.0092   1.2901E-19
       1.0100   1.2898E-19
       1.0110   1.2894E-19
       1.0128   1.2887E-19
       1.0242   1.2844E-19
       1.0398   1.2784E-19
       1.0400   1.2783E-19
       1.0410   1.2780E-19
       1.0415   1.2777E-19
       1.0600   1.2707E-19
       1.0610   1.2703E-19
       1.0700   1.2669E-19
       1.0710   1.2665E-19
       1.0788   1.2635E-19
       1.0835   1.2617E-19
       1.0970   1.2566E-19
       1.1000   1.2554E-19
       1.1164   1.2491E-19
       1.1266   1.2452E-19
       1.1300   1.2439E-19
       1.1310   1.2435E-19
       1.1400   1.2401E-19
       1.1410   1.2397E-19
       1.1438   1.2387E-19
       1.1457   1.2379E-19
       1.1852   1.2228E-19
       1.1867   1.2223E-19
       1.1881   1.2217E-19
       1.1918   1.2203E-19
       1.2000   1.2172E-19
       1.2010   1.2168E-19
       1.2100   1.2134E-19
       1.2110   1.2130E-19
       1.2125   1.2124E-19
       1.2393   1.2022E-19
       1.2500   1.1981E-19
       1.2510   1.1977E-19
       1.2582   1.1949E-19
       1.2589   1.1946E-19
       1.2603   1.1941E-19
       1.2869   1.1840E-19
       1.3000   1.1789E-19
       1.3010   1.1786E-19
       1.3054   1.1769E-19
       1.3110   1.1747E-19
       1.3200   1.1713E-19
       1.3210   1.1709E-19
       1.3632   1.1548E-19
       1.3786   1.1489E-19
       1.3800   1.1484E-19
       1.3810   1.1480E-19
       1.3840   1.1468E-19
       1.3863   1.1460E-19
       1.3938   1.1431E-19
       1.4000   1.1407E-19
       1.4200   1.1331E-19
       1.4210   1.1327E-19
       1.4359   1.1270E-19
       1.4400   1.1254E-19
       1.4410   1.1250E-19
       1.4421   1.1246E-19
       1.4500   1.1216E-19
       1.4510   1.1212E-19
       1.4700   1.1140E-19
       1.4710   1.1136E-19
       1.4714   1.1134E-19
       1.4995   1.1085E-19
       1.5000   1.1084E-19
       1.5010   1.1082E-19
       1.5096   1.1067E-19
       1.5215   1.1046E-19
       1.5224   1.1045E-19
       1.5249   1.1040E-19
       1.5600   1.0979E-19
       1.5610   1.0977E-19
       1.5675   1.0966E-19
       1.5700   1.0961E-19
       1.5710   1.0960E-19
       1.5795   1.0945E-19
       1.5798   1.0944E-19
       1.5849   1.0935E-19
       1.5863   1.0933E-19
       1.5900   1.0926E-19
       1.5910   1.0925E-19
       1.6000   1.0909E-19
       1.6351   1.0847E-19
       1.6495   1.0822E-19
       1.6700   1.0786E-19
       1.6710   1.0785E-19
       1.6737   1.0780E-19
       1.6746   1.0778E-19
       1.6774   1.0773E-19
       1.7000   1.0734E-19
       1.7200   1.0699E-19
       1.7210   1.0697E-19
       1.7300   1.0681E-19
       1.7310   1.0679E-19
       1.7374   1.0668E-19
       1.7449   1.0655E-19
       1.7661   1.0618E-19
       1.7710   1.0609E-19
       1.7800   1.0594E-19
       1.7810   1.0592E-19
       1.7900   1.0576E-19
       1.7910   1.0574E-19
       1.8000   1.0559E-19
       1.8010   1.0557E-19
       1.8144   1.0533E-19
       1.8400   1.0489E-19
       1.8410   1.0487E-19
       1.8410   1.0487E-19
       1.8421   1.0485E-19
       1.8452   1.0480E-19
       1.8700   1.0436E-19
       1.8710   1.0434E-19
       1.9000   1.0383E-19
       1.9010   1.0382E-19
       1.9112   1.0364E-19
       1.9182   1.0352E-19
       1.9194   1.0349E-19
       1.9700   1.0261E-19
       1.9710   1.0259E-19
       1.9800   1.0243E-19
       1.9810   1.0242E-19
       1.9953   1.0217E-19
       1.9959   1.0216E-19
       2.0000   1.0208E-19
       2.0081   1.0194E-19
       2.0100   1.0191E-19
       2.0110   1.0189E-19
       2.0251   1.0164E-19
       2.0263   1.0162E-19
       2.0297   1.0156E-19
       2.0776   1.0072E-19
       2.0900   1.0051E-19
       2.0910   1.0049E-19
       2.1000   1.0033E-19
       2.1023   1.0029E-19
       2.1065   1.0022E-19
       2.1114   1.0013E-19
       2.1600   9.9281E-20
       2.1610   9.9263E-20
       2.1700   9.9105E-20
       2.1710   9.9088E-20
       2.1900   9.8755E-20
       2.1910   9.8738E-20
       2.1955   9.8659E-20
       2.2000   9.8580E-20
       2.2276   9.8096E-20
       2.2290   9.8073E-20
       2.2326   9.8008E-20
       2.2503   9.7699E-20
       2.2700   9.7354E-20
       2.2710   9.7336E-20
       2.2833   9.7121E-20
       2.3000   9.6828E-20
       2.3010   9.6811E-20
       2.3125   9.6609E-20
       2.3225   9.6434E-20
       2.3300   9.6303E-20
       2.3310   9.6285E-20
       2.3700   9.5602E-20
       2.3710   9.5585E-20
       2.4000   9.5077E-20
       2.4100   9.4902E-20
       2.4110   9.4884E-20
       2.4150   9.4814E-20
       2.4373   9.4423E-20
       2.4504   9.4194E-20
       2.4519   9.4169E-20
       2.4559   9.4098E-20
       2.5000   9.3325E-20
       2.5010   9.3308E-20
       2.5119   9.3117E-20
       2.5438   9.2558E-20
       2.5490   9.2466E-20
       2.5548   9.2366E-20
       2.5700   9.2099E-20
       2.5710   9.2082E-20
       2.6000   9.1574E-20
       2.6100   9.1399E-20
       2.6110   9.1381E-20
       2.6200   9.1223E-20
       2.6210   9.1206E-20
       2.6399   9.0875E-20
       2.6565   9.0584E-20
       2.6700   9.0348E-20
       2.6710   9.0330E-20
       2.6954   8.9902E-20
       2.6970   8.9874E-20
       2.7000   8.9822E-20
       2.7015   8.9796E-20
       2.7300   8.9297E-20
       2.7310   8.9279E-20
       2.7684   8.8624E-20
       2.7734   8.8537E-20
       2.7982   8.8296E-20
       2.8000   8.8278E-20
       2.8010   8.8269E-20
       2.8102   8.8179E-20
       2.8131   8.8152E-20
       2.8200   8.8084E-20
       2.8210   8.8074E-20
       2.8593   8.7703E-20
       2.8600   8.7696E-20
       2.8610   8.7686E-20
       2.9000   8.7308E-20
       2.9222   8.7093E-20
       2.9300   8.7016E-20
       2.9310   8.7007E-20
       2.9650   8.6677E-20
       2.9667   8.6660E-20
       2.9716   8.6612E-20
       3.0000   8.6337E-20
       3.0010   8.6327E-20
       3.0067   8.6272E-20
       3.0200   8.6143E-20
       3.0210   8.6133E-20
       3.0780   8.5580E-20
       3.0800   8.5560E-20
       3.0810   8.5551E-20
       3.0888   8.5475E-20
       3.0913   8.5451E-20
       3.0969   8.5396E-20
       3.1000   8.5366E-20
       3.1010   8.5357E-20
       3.1623   8.4762E-20
       3.2000   8.4396E-20
       3.2100   8.4299E-20
       3.2110   8.4289E-20
       3.2144   8.4256E-20
       3.2600   8.3813E-20
       3.2610   8.3804E-20
       3.2615   8.3799E-20
       3.2634   8.3780E-20
       3.2655   8.3760E-20
       3.2688   8.3728E-20
       3.3000   8.3425E-20
       3.3300   8.3134E-20
       3.3310   8.3124E-20
       3.3500   8.2940E-20
       3.3510   8.2930E-20
       3.3543   8.2898E-20
       3.3858   8.2592E-20
       3.3900   8.2551E-20
       3.3910   8.2542E-20
       3.4000   8.2454E-20
       3.4004   8.2451E-20
       3.4600   8.1872E-20
       3.4610   8.1862E-20
       3.5000   8.1484E-20
       3.5010   8.1474E-20
       3.5358   8.1136E-20
       3.5565   8.0935E-20
       3.5700   8.0804E-20
       3.5710   8.0794E-20
       3.5792   8.0715E-20
       3.5876   8.0633E-20
       3.5898   8.0612E-20
       3.5957   8.0555E-20
       3.6000   8.0513E-20
       3.6200   8.0319E-20
       3.6210   8.0309E-20
       3.6331   8.0192E-20
       3.7000   7.9542E-20
       3.7244   7.9306E-20
       3.7300   7.9251E-20
       3.7310   7.9241E-20
       3.7400   7.9154E-20
       3.7404   7.9150E-20
       3.7410   7.9144E-20
       3.7463   7.9093E-20
       3.8000   7.8572E-20
       3.8700   7.7892E-20
       3.8710   7.7882E-20
       3.8872   7.7725E-20
       3.8894   7.7704E-20
       3.9000   7.7601E-20
       3.9351   7.7261E-20
       3.9464   7.7151E-20
       3.9487   7.7128E-20
       3.9500   7.7116E-20
       3.9510   7.7106E-20
       3.9553   7.7065E-20
       3.9811   7.6814E-20
       4.0000   7.6630E-20
       4.0010   7.6621E-20
       4.0800   7.5854E-20
       4.0810   7.5844E-20
       4.0949   7.5709E-20
       4.0968   7.5691E-20
       4.1000   7.5660E-20
       4.1145   7.5519E-20
       4.2000   7.4689E-20
       4.2600   7.4107E-20
       4.2607   7.4100E-20
       4.2610   7.4097E-20
       4.2621   7.4086E-20
       4.2783   7.3929E-20
       4.3000   7.3718E-20
       4.3410   7.3320E-20
       4.3436   7.3295E-20
       4.3508   7.3225E-20
       4.3900   7.2845E-20
       4.3910   7.2835E-20
       4.4000   7.2748E-20
       4.4700   7.2068E-20
       4.4710   7.2058E-20
       4.5000   7.1777E-20
       4.5010   7.1767E-20
       4.5065   7.1714E-20
       4.5259   7.1525E-20
       4.6000   7.0806E-20
       4.6163   7.0648E-20
       4.6416   7.0403E-20
       4.7000   7.0047E-20
       4.7062   7.0009E-20
       4.7131   6.9967E-20
       4.7149   6.9957E-20
       4.7752   6.9590E-20
       4.7780   6.9572E-20
       4.7859   6.9524E-20
       4.8000   6.9438E-20
       4.9000   6.8830E-20
       4.9571   6.8482E-20
       4.9785   6.8352E-20
       4.9995   6.8224E-20
       5.0000   6.8221E-20
       5.0119   6.8149E-20
       5.1000   6.7612E-20
       5.1768   6.7145E-20
       5.2000   6.7004E-20
       5.2135   6.6922E-20
       5.2527   6.6683E-20
       5.2558   6.6664E-20
       5.2645   6.6612E-20
       5.3000   6.6395E-20
       5.4000   6.5787E-20
       5.4287   6.5612E-20
       5.4528   6.5465E-20
       5.4764   6.5322E-20
       5.5000   6.5178E-20
       5.6000   6.4569E-20
       5.6944   6.3994E-20
       5.7000   6.3961E-20
       5.7779   6.3486E-20
       5.7813   6.3466E-20
       5.7909   6.3407E-20
       5.8000   6.3352E-20
       5.8202   6.3229E-20
       5.9000   6.2743E-20
       5.9981   6.2146E-20
       6.0000   6.2135E-20
       6.0240   6.1989E-20
       6.1000   6.1526E-20
       6.2000   6.0917E-20
       6.2506   6.0610E-20
       6.2639   6.0528E-20
       6.3000   6.0309E-20
       6.3096   6.0250E-20
       6.3557   5.9970E-20
       6.3595   5.9947E-20
       6.3700   5.9883E-20
       6.4000   5.9700E-20
       6.4975   5.9106E-20
       6.5000   5.9091E-20
       6.5979   5.8495E-20
       6.6000   5.8483E-20
       6.6264   5.8322E-20
       6.6660   5.8081E-20
       6.7000   5.7874E-20
       6.8000   5.7266E-20
       6.8903   5.6716E-20
       6.9000   5.6657E-20
       6.9913   5.6101E-20
       6.9954   5.6076E-20
       7.0000   5.6048E-20
       7.0010   5.6042E-20
       7.0070   5.6006E-20
       7.1000   5.5440E-20
       7.1874   5.4907E-20
       7.1969   5.4850E-20
       7.2000   5.4831E-20
       7.2577   5.4480E-20
       7.2890   5.4289E-20
       7.3000   5.4222E-20
       7.4000   5.3614E-20
       7.5000   5.3005E-20
       7.5793   5.2522E-20
       7.5941   5.2432E-20
       7.6000   5.2396E-20
       7.6904   5.1846E-20
       7.6950   5.1818E-20
       7.7000   5.1788E-20
       7.7077   5.1741E-20
       7.7682   5.1372E-20
       7.8000   5.1295E-20
       7.9000   5.1050E-20
       7.9433   5.0944E-20
       7.9506   5.0927E-20
       7.9835   5.0846E-20
       8.0000   5.0806E-20
       8.0010   5.0803E-20
       8.0180   5.0762E-20
       8.1000   5.0561E-20
       8.2000   5.0317E-20
       8.2864   5.0105E-20
       8.3000   5.0072E-20
       8.3372   4.9981E-20
       8.4000   4.9827E-20
       8.4595   4.9682E-20
       8.4645   4.9670E-20
       8.4785   4.9636E-20
       8.5000   4.9583E-20
       8.6000   4.9338E-20
       8.7000   4.9094E-20
       8.7819   4.8894E-20
       8.8000   4.8849E-20
       8.8198   4.8801E-20
       8.8924   4.8623E-20
       8.9000   4.8605E-20
       9.0000   4.8360E-20
       9.0010   4.8358E-20
       9.1000   4.8116E-20
       9.1710   4.7942E-20
       9.2000   4.7871E-20
       9.3000   4.7627E-20
       9.3054   4.7613E-20
       9.3109   4.7600E-20
       9.3263   4.7562E-20
       9.4000   4.7382E-20
       9.4700   4.7211E-20
       9.4710   4.7208E-20
       9.5000   4.7137E-20
       9.5400   4.7040E-20
       9.5410   4.7037E-20
       9.5410   4.7037E-20
       9.6000   4.6893E-20
       9.6600   4.6746E-20
       9.6700   4.6722E-20
       9.6710   4.6719E-20
       9.7000   4.6648E-20
       9.7017   4.6644E-20
       9.8000   4.6404E-20
       9.8500   4.6281E-20
       9.8510   4.6279E-20
       9.9000   4.6159E-20
      10.0000   4.5915E-20
      10.0010   4.5912E-20
      10.0600   4.5768E-20
      10.0610   4.5765E-20
      10.0881   4.5699E-20
      10.2000   4.5426E-20
      10.2360   4.5338E-20
      10.2420   4.5323E-20
      10.2589   4.5282E-20
      10.3100   4.5157E-20
      10.3110   4.5154E-20
      10.4000   4.4936E-20
      10.4013   4.4933E-20
      10.6000   4.4447E-20
      10.6010   4.4445E-20
      10.6260   4.4384E-20
      10.6719   4.4272E-20
      10.8000   4.3958E-20
      10.9100   4.3689E-20
      10.9110   4.3687E-20
      10.9213   4.3662E-20
      10.9854   4.3505E-20
      11.0000   4.3469E-20
      11.0010   4.3467E-20
      11.0969   4.3232E-20
      11.2000   4.2980E-20
      11.2596   4.2834E-20
      11.2600   4.2833E-20
      11.2610   4.2831E-20
      11.2662   4.2818E-20
      11.2848   4.2773E-20
      11.4000   4.2491E-20
      11.4674   4.2326E-20
      11.6000   4.2002E-20
      11.6300   4.1929E-20
      11.6310   4.1926E-20
      11.6887   4.1785E-20
      11.7391   4.1662E-20
      11.8000   4.1513E-20
      11.8521   4.1385E-20
      12.0000   4.1024E-20
      12.0010   4.1021E-20
      12.0300   4.0950E-20
      12.0310   4.0948E-20
      12.0408   4.0924E-20
      12.0900   4.0804E-20
      12.2000   4.0535E-20
      12.2066   4.0518E-20
      12.3855   4.0081E-20
      12.3928   4.0063E-20
      12.4000   4.0046E-20
      12.4133   4.0013E-20
      12.4600   3.9899E-20
      12.4610   3.9896E-20
      12.5893   3.9583E-20
      12.6000   3.9556E-20
      12.6428   3.9452E-20
      12.6486   3.9438E-20
      12.7500   3.9190E-20
      12.8000   3.9067E-20
      12.8575   3.8927E-20
      12.9130   3.8791E-20
      12.9200   3.8774E-20
      12.9210   3.8771E-20
      13.0000   3.8578E-20
      13.0010   3.8576E-20
      13.0010   3.8576E-20
      13.0600   3.8470E-20
      13.2000   3.8219E-20
      13.2750   3.8084E-20
      13.4000   3.7860E-20
      13.4100   3.7842E-20
      13.4110   3.7840E-20
      13.4273   3.7811E-20
      13.6000   3.7501E-20
      13.6241   3.7457E-20
      13.6321   3.7443E-20
      13.6546   3.7402E-20
      13.8000   3.7142E-20
      13.8076   3.7128E-20
      13.9300   3.6908E-20
      13.9310   3.6906E-20
      13.9387   3.6893E-20
      14.0000   3.6783E-20
      14.0010   3.6781E-20
      14.1433   3.6525E-20
      14.2000   3.6424E-20
      14.2043   3.6416E-20
      14.4000   3.6065E-20
      14.4980   3.5889E-20
      14.5000   3.5885E-20
      14.5010   3.5883E-20
      14.5635   3.5771E-20
      14.6000   3.5705E-20
      14.6356   3.5642E-20
      14.7000   3.5526E-20
      14.7700   3.5400E-20
      14.8000   3.5346E-20
      14.9865   3.5012E-20
      14.9953   3.4996E-20
      15.0000   3.4987E-20
      15.0010   3.4986E-20
      15.0201   3.4951E-20
      15.2000   3.4628E-20
      15.2229   3.4587E-20
      15.3674   3.4328E-20
      15.4000   3.4269E-20
      15.5000   3.4090E-20
      15.5010   3.4088E-20
      15.5576   3.3987E-20
      15.6000   3.3910E-20
      15.6247   3.3866E-20
      15.7984   3.3554E-20
      15.8000   3.3551E-20
      15.8489   3.3464E-20
      15.9841   3.3221E-20
      16.0000   3.3192E-20
      16.0010   3.3191E-20
      16.1358   3.2949E-20
      16.2000   3.2833E-20
      16.2470   3.2749E-20
      16.4000   3.2474E-20
      16.4851   3.2322E-20
      16.4948   3.2304E-20
      16.5000   3.2295E-20
      16.5010   3.2293E-20
      16.5221   3.2255E-20
      16.6000   3.2115E-20
      16.6667   3.1996E-20
      16.7683   3.1813E-20
      16.7833   3.1786E-20
      16.8000   3.1756E-20
      16.9426   3.1501E-20
      17.0000   3.1397E-20
      17.0010   3.1396E-20
      17.1134   3.1194E-20
      17.1872   3.1061E-20
      17.2000   3.1038E-20
      17.4000   3.0679E-20
      17.5000   3.0500E-20
      17.5010   3.0498E-20
      17.6000   3.0320E-20
      17.6224   3.0280E-20
      17.7897   2.9980E-20
      17.8000   2.9961E-20
      17.8717   2.9833E-20
      18.0000   2.9602E-20
      18.0010   2.9601E-20
      18.1336   2.9363E-20
      18.1443   2.9343E-20
      18.1743   2.9290E-20
      18.2000   2.9243E-20
      18.4000   2.8884E-20
      18.5036   2.8699E-20
      18.6000   2.8525E-20
      18.6792   2.8383E-20
      18.8000   2.8166E-20
      18.8247   2.8122E-20
      18.9059   2.7976E-20
      19.0000   2.7807E-20
      19.2000   2.7448E-20
      19.3070   2.7256E-20
      19.4000   2.7089E-20
      19.4287   2.7038E-20
      19.6000   2.6730E-20
      19.6132   2.6707E-20
      19.6304   2.6676E-20
      19.6589   2.6625E-20
      19.8000   2.6371E-20
      19.9470   2.6108E-20
      19.9526   2.6097E-20
      19.9588   2.6086E-20
      19.9917   2.6027E-20
      20.0000   2.6012E-20
      20.1014   2.5830E-20
      20.4002   2.5624E-20
      20.5938   2.5490E-20
      20.7072   2.5412E-20
      20.7965   2.5350E-20
      21.0000   2.5210E-20
      21.0646   2.5165E-20
      21.4202   2.4920E-20
      21.5444   2.4834E-20
      21.6235   2.4779E-20
      21.6247   2.4778E-20
      21.9417   2.4560E-20
      21.9546   2.4551E-20
      21.9909   2.4526E-20
      22.0000   2.4519E-20
      22.2300   2.4361E-20
      22.4912   2.4180E-20
      22.7047   2.4033E-20
      22.7779   2.3982E-20
      22.8762   2.3914E-20
      23.0000   2.3829E-20
      23.6157   2.3404E-20
      23.6449   2.3383E-20
      23.7872   2.3285E-20
      23.8399   2.3249E-20
      24.0000   2.3138E-20
      24.1359   2.3044E-20
      24.1501   2.3035E-20
      24.1900   2.3007E-20
      24.7965   2.2588E-20
      25.0000   2.2448E-20
      25.0319   2.2426E-20
      25.0557   2.2409E-20
      25.1189   2.2366E-20
      25.1638   2.2335E-20
      25.5955   2.2036E-20
      25.9502   2.1791E-20
      26.0000   2.1757E-20
      26.0363   2.1732E-20
      26.1659   2.1643E-20
      26.2835   2.1561E-20
      26.5494   2.1378E-20
      26.5651   2.1367E-20
      26.6090   2.1337E-20
      27.0000   2.1067E-20
      27.3382   2.0833E-20
      27.5612   2.0679E-20
      27.5977   2.0654E-20
      27.6801   2.0597E-20
      28.0000   2.0376E-20
      28.1305   2.0286E-20
      28.4804   2.0044E-20
      28.7051   1.9889E-20
      28.9776   1.9701E-20
      29.0000   1.9685E-20
      29.2044   1.9544E-20
      29.2216   1.9532E-20
      29.2699   1.9499E-20
      29.4705   1.9361E-20
      30.0000   1.8995E-20
      30.1403   1.8898E-20
      30.3174   1.8776E-20
      30.4264   1.8700E-20
      30.4482   1.8685E-20
      31.0000   1.8304E-20
      31.2572   1.8127E-20
      31.6228   1.7874E-20
      31.6473   1.7857E-20
      31.9477   1.7650E-20
      32.0000   1.7614E-20
      32.1248   1.7528E-20
      32.1438   1.7515E-20
      32.1969   1.7478E-20
      33.0000   1.6923E-20
      33.2297   1.6765E-20
      33.3333   1.6693E-20
      33.3491   1.6682E-20
      33.4930   1.6583E-20
      33.5451   1.6547E-20
      33.9322   1.6280E-20
      34.0000   1.6233E-20
      34.3047   1.6022E-20
      34.8912   1.5617E-20
      35.0000   1.5542E-20
      35.2224   1.5389E-20
      35.3373   1.5309E-20
      35.3582   1.5295E-20
      35.4166   1.5255E-20
      36.0000   1.4852E-20
      36.4158   1.4565E-20
      36.6358   1.4518E-20
      36.6840   1.4508E-20
      36.8423   1.4474E-20
      36.9835   1.4444E-20
      37.0000   1.4441E-20
      37.4629   1.4342E-20
      37.6494   1.4303E-20
      38.0000   1.4229E-20
      38.4676   1.4129E-20
      38.8327   1.4052E-20
      38.8940   1.4039E-20
      39.0000   1.4016E-20
      39.0694   1.4002E-20
      39.2489   1.3964E-20
      39.8107   1.3844E-20
      40.0000   1.3804E-20
      40.3524   1.3730E-20
      40.3909   1.3721E-20
      40.5265   1.3693E-20
      40.7743   1.3640E-20
      41.0000   1.3592E-20
      41.3201   1.3524E-20
      42.0000   1.3380E-20
      42.4105   1.3293E-20
      42.7834   1.3214E-20
      42.8130   1.3208E-20
      43.0000   1.3168E-20
      44.0000   1.2956E-20
      44.3876   1.2874E-20
      44.5310   1.2843E-20
      44.5792   1.2833E-20
      44.9537   1.2754E-20
      44.9843   1.2747E-20
      45.0000   1.2744E-20
      45.3488   1.2670E-20
      46.0000   1.2532E-20
      46.7576   1.2371E-20
      47.0000   1.2320E-20
      47.0617   1.2307E-20
      47.2014   1.2277E-20
      48.0000   1.2108E-20
      48.8264   1.1932E-20
      49.0000   1.1895E-20
      49.0371   1.1888E-20
      49.0954   1.1875E-20
      49.5614   1.1776E-20
      49.7702   1.1732E-20
      49.9950   1.1684E-20
      50.0000   1.1683E-20
      50.1187   1.1658E-20
      51.0000   1.1471E-20
      51.5502   1.1355E-20
      51.7679   1.1308E-20
      51.7948   1.1303E-20
      52.0000   1.1259E-20
      52.0395   1.1251E-20
      53.0000   1.1047E-20
      53.0060   1.1046E-20
      53.1249   1.1021E-20
      53.7090   1.0897E-20
      53.9408   1.0848E-20
      54.0000   1.0835E-20
      54.6228   1.0703E-20
      55.0000   1.0623E-20
      56.0000   1.0411E-20
      57.0000   1.0199E-20
      58.0000   9.9866E-21
      58.8735   9.8014E-21
      59.0000   9.7745E-21
      59.6362   9.6396E-21
      59.9484   9.5734E-21
      60.0000   9.5624E-21
      61.0000   9.3503E-21
      62.0000   9.1382E-21
      63.0000   8.9262E-21
      63.0957   8.9059E-21
      64.0000   8.7141E-21
      65.0000   8.5020E-21
      65.7933   8.3337E-21
      66.0000   8.2899E-21
      66.6600   8.1499E-21
      66.6667   8.1485E-21
      67.0000   8.0778E-21
      68.0000   7.8657E-21
      68.6649   7.7247E-21
      69.0000   7.6536E-21
      70.0000   7.4415E-21
      71.0000   7.2294E-21
      72.0000   7.0173E-21
      72.2081   6.9732E-21
      73.0000   6.8052E-21
      74.0000   6.5931E-21
      74.2964   6.5302E-21
      75.0000   6.5037E-21
      76.0000   6.4659E-21
      77.0000   6.4282E-21
      77.3253   6.4159E-21
      77.6518   6.4035E-21
      78.0000   6.3904E-21
      78.0593   6.3882E-21
      79.0000   6.3526E-21
      79.0604   6.3504E-21
      79.2483   6.3433E-21
      79.4328   6.3363E-21
      79.5089   6.3334E-21
      79.6874   6.3267E-21
      80.0000   6.3149E-21
      80.5636   6.2936E-21
      80.9112   6.2805E-21
      81.0000   6.2771E-21
      82.0000   6.2394E-21
      83.0000   6.2016E-21
      84.0000   6.1638E-21
      85.0000   6.1261E-21
      86.0000   6.0883E-21
      86.9749   6.0515E-21
      87.0000   6.0506E-21
      88.0000   6.0128E-21
      88.3100   6.0011E-21
      88.9244   5.9779E-21
      89.0000   5.9750E-21
      90.0000   5.9373E-21
      91.0000   5.8995E-21
      91.0298   5.8984E-21
      92.0000   5.8617E-21
      93.0000   5.8240E-21
      94.0000   5.7862E-21
      95.0000   5.7485E-21
      95.4548   5.7313E-21
      96.0000   5.7107E-21
      97.0000   5.6729E-21
      98.0000   5.6352E-21
      99.0000   5.5974E-21
     100.0000   5.5597E-21
     104.7616   5.3799E-21
     104.8113   5.3780E-21
     114.9757   4.9942E-21
     115.9879   4.9560E-21
     116.4778   4.9375E-21
     117.0889   4.9144E-21
     118.5215   4.8603E-21
     119.2634   4.8323E-21
     119.5314   4.8221E-21
     120.6793   4.7788E-21
     120.8453   4.7725E-21
     121.3670   4.7528E-21
     126.1857   4.5709E-21
     132.4650   4.3338E-21
     138.4886   4.1063E-21
     138.9495   4.0889E-21
     151.9911   3.5964E-21
     157.9842   3.3701E-21
     159.9859   3.2946E-21
     166.8101   3.0369E-21
     173.9819   2.7661E-21
     174.7166   2.7383E-21
     175.6334   2.7037E-21
     178.8951   2.5805E-21
     179.2967   2.5654E-21
     181.2680   2.4909E-21
     182.0500   2.4614E-21
     183.0738   2.4227E-21
     184.2070   2.3800E-21
     192.2521   2.0762E-21
     198.6975   2.0305E-21
     200.0000   2.0213E-21
     200.9233   2.0148E-21
     210.6456   1.9459E-21
     212.0951   1.9357E-21
     220.5131   1.8761E-21
     242.0128   1.7238E-21
     244.2053   1.7083E-21
     250.0000   1.6673E-21
     260.9729   1.5896E-21
     262.0750   1.5818E-21
     263.4501   1.5720E-21
     265.6088   1.5567E-21
     268.3427   1.5374E-21
     268.9451   1.5331E-21
     271.9020   1.5122E-21
     273.0750   1.5039E-21
     280.6386   1.4503E-21
     281.1769   1.4465E-21
     291.5053   1.3734E-21
     298.0465   1.3270E-21
     300.0000   1.3132E-21
     319.9267   1.1721E-21
     323.7458   1.1451E-21
     351.1192   9.5123E-22
     372.7594   7.9800E-22
     374.6292   7.8476E-22
     385.3529   7.0883E-22
     391.4593   6.6559E-22
     392.2369   6.6008E-22
     393.1125   6.5909E-22
     395.1751   6.5675E-22
     400.0000   6.5129E-22
     402.5140   6.4845E-22
     403.4170   6.4742E-22
     407.8530   6.4240E-22
     409.6130   6.4041E-22
     422.9243   6.2534E-22
     429.1934   6.1824E-22
     447.0695   5.9800E-22
     464.1589   5.7866E-22
     494.1713   5.4468E-22
     499.9500   5.3814E-22
     500.0000   5.3808E-22
     509.4138   5.2743E-22
     559.0810   4.7120E-22
     568.9866   4.5998E-22
     587.1890   4.3938E-22
     589.6687   4.3657E-22
     592.7626   4.3307E-22
     600.0000   4.2487E-22
     603.7711   4.2060E-22
     605.1261   4.1907E-22
     611.7795   4.1154E-22
     613.5907   4.0949E-22
     614.4190   4.0855E-22
     655.1286   3.6246E-22
     666.6000   3.4948E-22
     670.6050   3.4494E-22
     673.4151   3.4176E-22
     700.0000   3.1167E-22
     739.0722   2.6743E-22
     754.3120   2.5018E-22
     800.0000   1.9846E-22
     800.2504   1.9817E-22
     811.1308   1.9573E-22
     868.5114   1.8283E-22
     880.7834   1.8007E-22
     884.5030   1.7923E-22
     889.1439   1.7819E-22
     889.2444   1.7817E-22
     890.2151   1.7795E-22
     900.0000   1.7575E-22
     905.6568   1.7448E-22
     907.6892   1.7402E-22
     917.6693   1.7178E-22
     921.6290   1.7089E-22
     977.0100   1.5844E-22
    1000.0000   1.5327E-22
    1005.9050   1.5195E-22
    1072.2670   1.3703E-22
    1176.8120   1.1353E-22
    1185.2148   1.1164E-22
    1291.5500   8.7738E-23
    1321.1750   8.1079E-23
    1326.7550   7.9824E-23
    1333.7160   7.8260E-23
    1358.4848   7.2692E-23
    1361.5305   7.2008E-23
    1376.5040   6.8642E-23
    1382.4400   6.7308E-23
    1393.4330   6.4836E-23
    1417.4740   6.3838E-23
    1508.8600   6.0042E-23
    1555.6760   5.8098E-23
    1580.5086   5.7066E-23
    1707.3530   5.1798E-23
    1873.8170   4.4883E-23
    1981.7630   4.0400E-23
    1990.1320   4.0052E-23
    2000.0000   3.9642E-23
    2000.5740   3.9618E-23
    2037.7275   3.8075E-23
    2042.3024   3.7885E-23
    2056.5120   3.7295E-23
    2064.7560   3.6952E-23
    2073.6600   3.6583E-23
    2107.7892   3.5165E-23
    2257.0200   2.8967E-23
    2263.2900   2.8706E-23
    2477.0760   1.9826E-23
    2524.3560   1.7863E-23
    2718.5880   1.6409E-23
    2811.0522   1.5718E-23
    2972.6440   1.4509E-23
    2983.6470   1.4426E-23
    2985.1980   1.4415E-23
    3000.8610   1.4298E-23
    3056.5910   1.3881E-23
    3063.4470   1.3829E-23
    3097.1340   1.3577E-23
    3110.5000   1.3477E-23
    3274.5490   1.2250E-23
    3394.9350   1.1349E-23
    3593.8140   9.8616E-24
    3748.2918   8.7059E-24
    3944.2060   7.2402E-24
    4000.0000   6.8228E-24
    4060.7120   6.3686E-24
    4328.7610   5.9104E-24
    4458.9660   5.6879E-24
    4477.7970   5.6557E-24
    4501.2910   5.6155E-24
    4584.8861   5.4726E-24
    4595.1738   5.4550E-24
    4645.7010   5.3687E-24
    4665.7500   5.3344E-24
    4750.8100   5.1890E-24
    4998.8334   4.7650E-24
    5000.0000   4.7631E-24
    5092.4000   4.6051E-24
    5214.0080   4.3972E-24
    5722.3680   3.5283E-24
    6280.2910   2.5746E-24
    6532.1130   2.1442E-24
    6666.0000   2.0992E-24
    6688.4490   2.0917E-24
    6716.6950   2.0822E-24
    6751.9370   2.0704E-24
    6877.3322   2.0283E-24
    6892.6120   2.0232E-24
    6892.7773   2.0231E-24
    6968.5510   1.9977E-24
    6998.6200   1.9876E-24
    7100.0000   1.9535E-24
    7564.6330   1.7975E-24
    8302.1760   1.5499E-24
    9111.6280   1.2782E-24
   10000.0000   9.7997E-25
   10032.6700   9.6900E-25
   10075.0400   9.5478E-25
   10127.9000   9.3703E-25
   10452.8300   8.2795E-25
   10497.9000   8.1282E-25
   10507.6500   8.0955E-25
  
