       0.0000   5.4359E-19
       0.0006   5.4359E-19
       0.0006   5.4359E-19
       0.0007   5.4359E-19
       0.0007   5.4359E-19
       0.0008   5.4359E-19
       0.0009   5.4359E-19
       0.0010   5.4359E-19
       0.0010   5.4359E-19
       0.0011   5.4359E-19
       0.0012   5.4359E-19
       0.0013   5.4359E-19
       0.0014   5.4359E-19
       0.0016   5.4359E-19
       0.0017   5.4359E-19
       0.0019   5.4359E-19
       0.0021   5.4359E-19
       0.0023   5.4359E-19
       0.0025   5.4359E-19
       0.0028   5.4359E-19
       0.0031   5.4359E-19
       0.0034   5.4359E-19
       0.0037   5.4359E-19
       0.0041   5.4359E-19
       0.0045   5.4359E-19
       0.0049   5.4359E-19
       0.0054   5.4359E-19
       0.0060   5.4359E-19
       0.0066   5.4359E-19
       0.0067   5.4359E-19
       0.0072   5.4359E-19
       0.0073   5.4359E-19
       0.0079   5.4359E-19
       0.0081   5.4359E-19
       0.0087   5.4359E-19
       0.0089   5.4359E-19
       0.0096   5.4359E-19
       0.0097   5.4359E-19
       0.0098   5.4359E-19
       0.0100   5.4359E-19
       0.0106   5.4359E-19
       0.0107   5.4359E-19
       0.0107   5.4359E-19
       0.0110   5.4359E-19
       0.0116   5.4359E-19
       0.0118   5.4359E-19
       0.0118   5.4359E-19
       0.0125   5.4359E-19
       0.0128   5.4359E-19
       0.0130   5.4359E-19
       0.0130   5.4359E-19
       0.0137   5.4359E-19
       0.0141   5.4359E-19
       0.0143   5.4359E-19
       0.0143   5.4359E-19
       0.0152   5.4359E-19
       0.0155   5.4359E-19
       0.0157   5.4359E-19
       0.0157   5.4359E-19
       0.0170   5.4359E-19
       0.0172   5.4359E-19
       0.0173   5.4359E-19
       0.0173   5.4359E-19
       0.0187   5.4359E-19
       0.0190   5.4359E-19
       0.0190   5.4359E-19
       0.0195   5.4359E-19
       0.0197   5.4359E-19
       0.0200   5.4359E-19
       0.0206   5.4359E-19
       0.0209   5.4359E-19
       0.0209   5.4359E-19
       0.0224   5.4359E-19
       0.0226   5.4359E-19
       0.0230   5.4359E-19
       0.0230   5.4359E-19
       0.0249   5.4359E-19
       0.0253   5.4359E-19
       0.0253   5.4359E-19
       0.0253   5.4359E-19
       0.0267   5.4359E-19
       0.0274   5.4359E-19
       0.0278   5.4359E-19
       0.0278   5.4359E-19
       0.0285   5.4359E-19
       0.0293   5.4359E-19
       0.0300   5.4359E-19
       0.0301   5.4359E-19
       0.0306   5.4359E-19
       0.0306   5.4359E-19
       0.0314   5.4359E-19
       0.0318   5.4359E-19
       0.0331   5.4359E-19
       0.0336   5.4359E-19
       0.0337   5.4359E-19
       0.0355   5.4359E-19
       0.0364   5.4359E-19
       0.0370   5.4359E-19
       0.0371   5.4359E-19
       0.0396   5.4359E-19
       0.0400   5.4359E-19
       0.0401   5.4359E-19
       0.0407   5.4359E-19
       0.0408   5.4359E-19
       0.0438   5.4359E-19
       0.0441   5.4359E-19
       0.0448   5.4359E-19
       0.0448   5.4359E-19
       0.0480   5.4359E-19
       0.0485   5.4359E-19
       0.0487   5.4359E-19
       0.0492   5.4359E-19
       0.0493   5.4359E-19
       0.0500   5.4359E-19
       0.0505   5.4359E-19
       0.0526   5.4359E-19
       0.0534   5.4359E-19
       0.0542   5.4359E-19
       0.0543   5.4359E-19
       0.0571   5.4359E-19
       0.0582   5.4359E-19
       0.0587   5.4359E-19
       0.0596   5.4359E-19
       0.0597   5.4359E-19
       0.0600   5.4359E-19
       0.0646   5.4359E-19
       0.0650   5.4359E-19
       0.0655   5.4359E-19
       0.0657   5.4359E-19
       0.0667   5.4359E-19
       0.0673   5.4359E-19
       0.0700   5.4359E-19
       0.0710   5.4359E-19
       0.0721   5.4359E-19
       0.0722   5.4359E-19
       0.0739   5.4359E-19
       0.0781   5.4359E-19
       0.0785   5.4359E-19
       0.0793   5.4359E-19
       0.0794   5.4359E-19
       0.0800   5.4359E-19
       0.0810   5.4359E-19
       0.0840   5.4359E-19
       0.0859   5.4359E-19
       0.0872   5.4359E-19
       0.0874   5.4359E-19
       0.0889   5.4359E-19
       0.0900   5.4359E-19
       0.0945   5.4359E-19
       0.0955   5.4359E-19
       0.0960   5.4359E-19
       0.0961   5.4359E-19
       0.0985   5.4359E-19
       0.0996   5.4359E-19
       0.1000   5.4359E-19
       0.1000   5.4359E-19
       0.1009   5.4459E-19
       0.1040   5.4791E-19
       0.1056   5.4963E-19
       0.1057   5.4982E-19
       0.1083   5.5261E-19
       0.1083   5.5265E-19
       0.1095   5.5393E-19
       0.1137   5.5846E-19
       0.1144   5.5919E-19
       0.1161   5.6109E-19
       0.1163   5.6130E-19
       0.1173   5.6238E-19
       0.1185   5.6369E-19
       0.1200   5.6529E-19
       0.1205   5.6581E-19
       0.1210   5.6638E-19
       0.1258   5.7161E-19
       0.1259   5.7169E-19
       0.1262   5.7179E-19
       0.1271   5.7209E-19
       0.1277   5.7232E-19
       0.1279   5.7239E-19
       0.1293   5.7284E-19
       0.1300   5.7309E-19
       0.1310   5.7343E-19
       0.1325   5.7395E-19
       0.1331   5.7414E-19
       0.1376   5.7569E-19
       0.1384   5.7595E-19
       0.1405   5.7667E-19
       0.1407   5.7675E-19
       0.1458   5.7847E-19
       0.1464   5.7868E-19
       0.1470   5.7888E-19
       0.1491   5.7959E-19
       0.1522   5.8067E-19
       0.1546   5.8146E-19
       0.1548   5.8155E-19
       0.1580   5.8263E-19
       0.1585   5.8280E-19
       0.1604   5.7995E-19
       0.1611   5.7889E-19
       0.1615   5.7828E-19
       0.1656   5.7191E-19
       0.1675   5.6910E-19
       0.1700   5.6520E-19
       0.1703   5.6477E-19
       0.1749   5.5780E-19
       0.1764   5.5547E-19
       0.1772   5.5431E-19
       0.1800   5.4997E-19
       0.1810   5.4844E-19
       0.1842   5.4354E-19
       0.1849   5.4249E-19
       0.1870   5.3925E-19
       0.1873   5.3878E-19
       0.1894   5.3562E-19
       0.1940   5.2854E-19
       0.1949   5.2727E-19
       0.1995   5.2016E-19
       0.2000   5.2063E-19
       0.2000   5.2063E-19
       0.2010   5.2161E-19
       0.2026   5.2322E-19
       0.2051   5.2570E-19
       0.2057   5.2627E-19
       0.2061   5.2660E-19
       0.2064   5.2695E-19
       0.2100   5.3048E-19
       0.2106   5.3112E-19
       0.2110   5.3147E-19
       0.2112   5.3168E-19
       0.2134   5.3387E-19
       0.2144   5.3478E-19
       0.2200   5.4034E-19
       0.2210   5.4132E-19
       0.2222   5.4250E-19
       0.2229   5.4319E-19
       0.2263   5.4654E-19
       0.2267   5.4691E-19
       0.2304   5.5062E-19
       0.2348   5.5490E-19
       0.2358   5.5590E-19
       0.2407   5.6069E-19
       0.2452   5.6515E-19
       0.2489   5.6884E-19
       0.2493   5.6924E-19
       0.2512   5.7107E-19
       0.2549   5.7127E-19
       0.2583   5.7145E-19
       0.2594   5.7152E-19
       0.2600   5.7155E-19
       0.2607   5.7159E-19
       0.2610   5.7160E-19
       0.2697   5.7208E-19
       0.2738   5.7230E-19
       0.2743   5.7233E-19
       0.2806   5.7268E-19
       0.2813   5.7271E-19
       0.2823   5.7277E-19
       0.2841   5.7286E-19
       0.2846   5.7289E-19
       0.2853   5.7293E-19
       0.2900   5.7319E-19
       0.2910   5.7324E-19
       0.2967   5.7355E-19
       0.3000   5.7373E-19
       0.3000   5.7373E-19
       0.3010   5.7379E-19
       0.3012   5.7380E-19
       0.3017   5.7383E-19
       0.3058   5.7405E-19
       0.3100   5.7428E-19
       0.3110   5.7433E-19
       0.3125   5.7442E-19
       0.3138   5.7449E-19
       0.3162   5.7462E-19
       0.3200   5.7099E-19
       0.3206   5.7040E-19
       0.3210   5.7002E-19
       0.3263   5.6488E-19
       0.3312   5.6020E-19
       0.3313   5.6009E-19
       0.3319   5.5956E-19
       0.3437   5.4813E-19
       0.3452   5.4670E-19
       0.3500   5.4211E-19
       0.3510   5.4114E-19
       0.3587   5.3371E-19
       0.3590   5.3347E-19
       0.3645   5.2819E-19
       0.3645   5.2810E-19
       0.3651   5.2761E-19
       0.3746   5.1840E-19
       0.3781   5.1504E-19
       0.3797   5.1347E-19
       0.3800   5.1323E-19
       0.3810   5.1226E-19
       0.3885   5.0500E-19
       0.3900   5.0360E-19
       0.3910   5.0264E-19
       0.3949   4.9891E-19
       0.3981   4.9580E-19
       0.4000   4.9620E-19
       0.4000   4.9620E-19
       0.4009   4.9640E-19
       0.4010   4.9642E-19
       0.4016   4.9654E-19
       0.4033   4.9691E-19
       0.4100   4.9836E-19
       0.4110   4.9858E-19
       0.4142   4.9927E-19
       0.4159   4.9964E-19
       0.4177   5.0003E-19
       0.4208   5.0070E-19
       0.4344   5.0362E-19
       0.4400   5.0483E-19
       0.4410   5.0505E-19
       0.4410   5.0505E-19
       0.4417   5.0520E-19
       0.4558   5.0824E-19
       0.4575   5.0861E-19
       0.4585   5.0883E-19
       0.4595   5.0904E-19
       0.4600   5.0915E-19
       0.4610   5.0936E-19
       0.4700   5.1130E-19
       0.4710   5.1152E-19
       0.4778   5.1299E-19
       0.4851   5.1456E-19
       0.4859   5.1473E-19
       0.4900   5.1562E-19
       0.4910   5.1583E-19
       0.4937   5.1641E-19
       0.5000   5.1776E-19
       0.5000   5.1778E-19
       0.5010   5.1799E-19
       0.5012   5.1803E-19
       0.5033   5.1802E-19
       0.5054   5.1801E-19
       0.5160   5.1797E-19
       0.5200   5.1796E-19
       0.5210   5.1795E-19
       0.5256   5.1794E-19
       0.5300   5.1792E-19
       0.5310   5.1792E-19
       0.5336   5.1791E-19
       0.5345   5.1790E-19
       0.5347   5.1790E-19
       0.5359   5.1790E-19
       0.5400   5.1788E-19
       0.5410   5.1788E-19
       0.5536   5.1783E-19
       0.5560   5.1782E-19
       0.5781   5.1773E-19
       0.5792   5.1773E-19
       0.5870   5.1770E-19
       0.5879   5.1770E-19
       0.6000   5.1765E-19
       0.6000   5.1765E-19
       0.6010   5.1765E-19
       0.6090   5.1761E-19
       0.6116   5.1760E-19
       0.6263   5.1755E-19
       0.6273   5.1754E-19
       0.6310   5.1753E-19
       0.6360   5.1672E-19
       0.6456   5.1516E-19
       0.6467   5.1498E-19
       0.6500   5.1445E-19
       0.6510   5.1429E-19
       0.6666   5.1177E-19
       0.6699   5.1124E-19
       0.6700   5.1122E-19
       0.6710   5.1106E-19
       0.6727   5.1078E-19
       0.6794   5.0970E-19
       0.6995   5.0645E-19
       0.7000   5.0637E-19
       0.7000   5.0637E-19
       0.7010   5.0621E-19
       0.7102   5.0472E-19
       0.7114   5.0453E-19
       0.7200   5.0314E-19
       0.7210   5.0298E-19
       0.7212   5.0294E-19
       0.7254   5.0227E-19
       0.7359   5.0057E-19
       0.7368   5.0042E-19
       0.7400   4.9990E-19
       0.7540   4.9765E-19
       0.7600   4.9668E-19
       0.7610   4.9651E-19
       0.7695   4.9514E-19
       0.7800   4.9344E-19
       0.7810   4.9328E-19
       0.7812   4.9324E-19
       0.7825   4.9304E-19
       0.7943   4.9113E-19
       0.7971   4.9091E-19
       0.8000   4.9067E-19
       0.8000   4.9067E-19
       0.8105   4.8981E-19
       0.8140   4.8952E-19
       0.8324   4.8803E-19
       0.8400   4.8741E-19
       0.8410   4.8733E-19
       0.8464   4.8688E-19
       0.8500   4.8659E-19
       0.8510   4.8651E-19
       0.8594   4.8583E-19
       0.8600   4.8578E-19
       0.8608   4.8572E-19
       0.8610   4.8570E-19
       0.8633   4.8551E-19
       0.8892   4.8340E-19
       0.8900   4.8334E-19
       0.8910   4.8326E-19
       0.8916   4.8321E-19
       0.8954   4.8289E-19
       0.9000   4.8252E-19
       0.9000   4.8252E-19
       0.9010   4.8244E-19
       0.9300   4.8008E-19
       0.9310   4.8000E-19
       0.9311   4.7999E-19
       0.9351   4.7967E-19
       0.9453   4.7883E-19
       0.9469   4.7871E-19
       0.9500   4.7845E-19
       0.9510   4.7837E-19
       0.9686   4.7694E-19
       0.9807   4.7595E-19
       0.9850   4.7560E-19
       1.0000   4.7438E-19
       1.0030   4.7432E-19
       1.0092   4.7419E-19
       1.0100   4.7417E-19
       1.0110   4.7415E-19
       1.0128   4.7411E-19
       1.0242   4.7387E-19
       1.0398   4.7354E-19
       1.0400   4.7354E-19
       1.0410   4.7352E-19
       1.0415   4.7351E-19
       1.0600   4.7312E-19
       1.0610   4.7310E-19
       1.0700   4.7291E-19
       1.0710   4.7289E-19
       1.0788   4.7273E-19
       1.0835   4.7263E-19
       1.0970   4.7235E-19
       1.1000   4.7228E-19
       1.1164   4.7194E-19
       1.1266   4.7172E-19
       1.1300   4.7165E-19
       1.1310   4.7163E-19
       1.1400   4.7144E-19
       1.1410   4.7142E-19
       1.1438   4.7136E-19
       1.1457   4.7132E-19
       1.1852   4.7050E-19
       1.1867   4.7047E-19
       1.1881   4.7044E-19
       1.1918   4.7036E-19
       1.2000   4.7019E-19
       1.2010   4.7017E-19
       1.2100   4.6998E-19
       1.2110   4.6996E-19
       1.2125   4.6993E-19
       1.2393   4.6936E-19
       1.2500   4.6914E-19
       1.2510   4.6912E-19
       1.2582   4.6897E-19
       1.2589   4.6895E-19
       1.2603   4.6887E-19
       1.2869   4.6734E-19
       1.3000   4.6658E-19
       1.3010   4.6652E-19
       1.3054   4.6627E-19
       1.3110   4.6595E-19
       1.3200   4.6543E-19
       1.3210   4.6537E-19
       1.3632   4.6293E-19
       1.3786   4.6204E-19
       1.3800   4.6196E-19
       1.3810   4.6190E-19
       1.3840   4.6173E-19
       1.3863   4.6160E-19
       1.3938   4.6116E-19
       1.4000   4.6081E-19
       1.4200   4.5965E-19
       1.4210   4.5959E-19
       1.4359   4.5873E-19
       1.4400   4.5850E-19
       1.4410   4.5844E-19
       1.4421   4.5837E-19
       1.4500   4.5792E-19
       1.4510   4.5786E-19
       1.4700   4.5676E-19
       1.4710   4.5671E-19
       1.4714   4.5668E-19
       1.4995   4.5506E-19
       1.5000   4.5503E-19
       1.5010   4.5497E-19
       1.5096   4.5447E-19
       1.5215   4.5379E-19
       1.5224   4.5374E-19
       1.5249   4.5359E-19
       1.5600   4.5157E-19
       1.5610   4.5151E-19
       1.5675   4.5113E-19
       1.5700   4.5099E-19
       1.5710   4.5093E-19
       1.5795   4.5044E-19
       1.5798   4.5042E-19
       1.5849   4.5013E-19
       1.5863   4.5012E-19
       1.5900   4.5010E-19
       1.5910   4.5010E-19
       1.6000   4.5005E-19
       1.6351   4.4986E-19
       1.6495   4.4979E-19
       1.6700   4.4968E-19
       1.6710   4.4967E-19
       1.6737   4.4966E-19
       1.6746   4.4965E-19
       1.6774   4.4964E-19
       1.7000   4.4952E-19
       1.7200   4.4942E-19
       1.7210   4.4941E-19
       1.7300   4.4936E-19
       1.7310   4.4936E-19
       1.7374   4.4932E-19
       1.7449   4.4928E-19
       1.7661   4.4917E-19
       1.7710   4.4915E-19
       1.7800   4.4910E-19
       1.7810   4.4909E-19
       1.7900   4.4905E-19
       1.7910   4.4904E-19
       1.8000   4.4899E-19
       1.8010   4.4899E-19
       1.8144   4.4892E-19
       1.8400   4.4878E-19
       1.8410   4.4878E-19
       1.8410   4.4878E-19
       1.8421   4.4877E-19
       1.8452   4.4875E-19
       1.8700   4.4862E-19
       1.8710   4.4862E-19
       1.9000   4.4846E-19
       1.9010   4.4846E-19
       1.9112   4.4841E-19
       1.9182   4.4837E-19
       1.9194   4.4836E-19
       1.9700   4.4809E-19
       1.9710   4.4809E-19
       1.9800   4.4804E-19
       1.9810   4.4804E-19
       1.9953   4.4796E-19
       1.9959   4.4794E-19
       2.0000   4.4778E-19
       2.0081   4.4748E-19
       2.0100   4.4741E-19
       2.0110   4.4737E-19
       2.0251   4.4684E-19
       2.0263   4.4680E-19
       2.0297   4.4667E-19
       2.0776   4.4487E-19
       2.0900   4.4441E-19
       2.0910   4.4437E-19
       2.1000   4.4403E-19
       2.1023   4.4395E-19
       2.1065   4.4379E-19
       2.1114   4.4361E-19
       2.1600   4.4179E-19
       2.1610   4.4175E-19
       2.1700   4.4141E-19
       2.1710   4.4137E-19
       2.1900   4.4066E-19
       2.1910   4.4062E-19
       2.1955   4.4046E-19
       2.2000   4.4029E-19
       2.2276   4.3925E-19
       2.2290   4.3920E-19
       2.2326   4.3906E-19
       2.2503   4.3840E-19
       2.2700   4.3766E-19
       2.2710   4.3763E-19
       2.2833   4.3716E-19
       2.3000   4.3654E-19
       2.3010   4.3650E-19
       2.3125   4.3607E-19
       2.3225   4.3569E-19
       2.3300   4.3541E-19
       2.3310   4.3538E-19
       2.3700   4.3391E-19
       2.3710   4.3388E-19
       2.4000   4.3279E-19
       2.4100   4.3241E-19
       2.4110   4.3238E-19
       2.4150   4.3223E-19
       2.4373   4.3139E-19
       2.4504   4.3090E-19
       2.4519   4.3085E-19
       2.4559   4.3069E-19
       2.5000   4.2904E-19
       2.5010   4.2900E-19
       2.5119   4.2860E-19
       2.5438   4.2844E-19
       2.5490   4.2842E-19
       2.5548   4.2839E-19
       2.5700   4.2831E-19
       2.5710   4.2831E-19
       2.6000   4.2817E-19
       2.6100   4.2812E-19
       2.6110   4.2811E-19
       2.6200   4.2807E-19
       2.6210   4.2807E-19
       2.6399   4.2797E-19
       2.6565   4.2789E-19
       2.6700   4.2783E-19
       2.6710   4.2782E-19
       2.6954   4.2770E-19
       2.6970   4.2770E-19
       2.7000   4.2768E-19
       2.7015   4.2767E-19
       2.7300   4.2754E-19
       2.7310   4.2753E-19
       2.7684   4.2735E-19
       2.7734   4.2733E-19
       2.7982   4.2721E-19
       2.8000   4.2720E-19
       2.8010   4.2719E-19
       2.8102   4.2715E-19
       2.8131   4.2713E-19
       2.8200   4.2710E-19
       2.8210   4.2709E-19
       2.8593   4.2691E-19
       2.8600   4.2691E-19
       2.8610   4.2690E-19
       2.9000   4.2671E-19
       2.9222   4.2660E-19
       2.9300   4.2657E-19
       2.9310   4.2656E-19
       2.9650   4.2640E-19
       2.9667   4.2639E-19
       2.9716   4.2636E-19
       3.0000   4.2623E-19
       3.0010   4.2622E-19
       3.0067   4.2619E-19
       3.0200   4.2613E-19
       3.0210   4.2612E-19
       3.0780   4.2585E-19
       3.0800   4.2584E-19
       3.0810   4.2583E-19
       3.0888   4.2579E-19
       3.0913   4.2578E-19
       3.0969   4.2576E-19
       3.1000   4.2574E-19
       3.1010   4.2574E-19
       3.1623   4.2544E-19
       3.2000   4.2442E-19
       3.2100   4.2416E-19
       3.2110   4.2413E-19
       3.2144   4.2404E-19
       3.2600   4.2281E-19
       3.2610   4.2279E-19
       3.2615   4.2277E-19
       3.2634   4.2272E-19
       3.2655   4.2267E-19
       3.2688   4.2258E-19
       3.3000   4.2174E-19
       3.3300   4.2093E-19
       3.3310   4.2091E-19
       3.3500   4.2040E-19
       3.3510   4.2037E-19
       3.3543   4.2028E-19
       3.3858   4.1943E-19
       3.3900   4.1932E-19
       3.3910   4.1929E-19
       3.4000   4.1905E-19
       3.4004   4.1904E-19
       3.4600   4.1744E-19
       3.4610   4.1741E-19
       3.5000   4.1637E-19
       3.5010   4.1634E-19
       3.5358   4.1540E-19
       3.5565   4.1485E-19
       3.5700   4.1449E-19
       3.5710   4.1446E-19
       3.5792   4.1424E-19
       3.5876   4.1401E-19
       3.5898   4.1395E-19
       3.5957   4.1380E-19
       3.6000   4.1368E-19
       3.6200   4.1314E-19
       3.6210   4.1312E-19
       3.6331   4.1279E-19
       3.7000   4.1099E-19
       3.7244   4.1034E-19
       3.7300   4.1019E-19
       3.7310   4.1016E-19
       3.7400   4.0992E-19
       3.7404   4.0991E-19
       3.7410   4.0989E-19
       3.7463   4.0975E-19
       3.8000   4.0831E-19
       3.8700   4.0643E-19
       3.8710   4.0640E-19
       3.8872   4.0596E-19
       3.8894   4.0591E-19
       3.9000   4.0562E-19
       3.9351   4.0468E-19
       3.9464   4.0437E-19
       3.9487   4.0431E-19
       3.9500   4.0428E-19
       3.9510   4.0425E-19
       3.9553   4.0414E-19
       3.9811   4.0344E-19
       4.0000   4.0339E-19
       4.0010   4.0339E-19
       4.0800   4.0319E-19
       4.0810   4.0318E-19
       4.0949   4.0315E-19
       4.0968   4.0314E-19
       4.1000   4.0314E-19
       4.1145   4.0310E-19
       4.2000   4.0288E-19
       4.2600   4.0272E-19
       4.2607   4.0272E-19
       4.2610   4.0272E-19
       4.2621   4.0272E-19
       4.2783   4.0267E-19
       4.3000   4.0262E-19
       4.3410   4.0251E-19
       4.3436   4.0251E-19
       4.3508   4.0249E-19
       4.3900   4.0239E-19
       4.3910   4.0238E-19
       4.4000   4.0236E-19
       4.4700   4.0218E-19
       4.4710   4.0218E-19
       4.5000   4.0210E-19
       4.5010   4.0210E-19
       4.5065   4.0208E-19
       4.5259   4.0203E-19
       4.6000   4.0184E-19
       4.6163   4.0180E-19
       4.6416   4.0173E-19
       4.7000   4.0158E-19
       4.7062   4.0157E-19
       4.7131   4.0155E-19
       4.7149   4.0154E-19
       4.7752   4.0139E-19
       4.7780   4.0138E-19
       4.7859   4.0136E-19
       4.8000   4.0132E-19
       4.9000   4.0107E-19
       4.9571   4.0092E-19
       4.9785   4.0086E-19
       4.9995   4.0081E-19
       5.0000   4.0081E-19
       5.0119   4.0078E-19
       5.1000   3.9932E-19
       5.1768   3.9804E-19
       5.2000   3.9766E-19
       5.2135   3.9743E-19
       5.2527   3.9678E-19
       5.2558   3.9673E-19
       5.2645   3.9659E-19
       5.3000   3.9600E-19
       5.4000   3.9434E-19
       5.4287   3.9387E-19
       5.4528   3.9347E-19
       5.4764   3.9308E-19
       5.5000   3.9268E-19
       5.6000   3.9103E-19
       5.6944   3.8946E-19
       5.7000   3.8937E-19
       5.7779   3.8808E-19
       5.7813   3.8802E-19
       5.7909   3.8786E-19
       5.8000   3.8771E-19
       5.8202   3.8738E-19
       5.9000   3.8605E-19
       5.9981   3.8443E-19
       6.0000   3.8440E-19
       6.0240   3.8400E-19
       6.1000   3.8274E-19
       6.2000   3.8108E-19
       6.2506   3.8024E-19
       6.2639   3.8002E-19
       6.3000   3.7942E-19
       6.3096   3.7926E-19
       6.3557   3.7912E-19
       6.3595   3.7911E-19
       6.3700   3.7907E-19
       6.4000   3.7898E-19
       6.4975   3.7867E-19
       6.5000   3.7866E-19
       6.5979   3.7836E-19
       6.6000   3.7835E-19
       6.6264   3.7827E-19
       6.6660   3.7814E-19
       6.7000   3.7803E-19
       6.8000   3.7772E-19
       6.8903   3.7743E-19
       6.9000   3.7740E-19
       6.9913   3.7712E-19
       6.9954   3.7710E-19
       7.0000   3.7709E-19
       7.0010   3.7709E-19
       7.0070   3.7707E-19
       7.1000   3.7677E-19
       7.1874   3.7650E-19
       7.1969   3.7647E-19
       7.2000   3.7646E-19
       7.2577   3.7628E-19
       7.2890   3.7618E-19
       7.3000   3.7614E-19
       7.4000   3.7583E-19
       7.5000   3.7551E-19
       7.5793   3.7526E-19
       7.5941   3.7522E-19
       7.6000   3.7520E-19
       7.6904   3.7491E-19
       7.6950   3.7490E-19
       7.7000   3.7488E-19
       7.7077   3.7486E-19
       7.7682   3.7467E-19
       7.8000   3.7457E-19
       7.9000   3.7425E-19
       7.9433   3.7412E-19
       7.9506   3.7406E-19
       7.9835   3.7382E-19
       8.0000   3.7370E-19
       8.0010   3.7369E-19
       8.0180   3.7356E-19
       8.1000   3.7295E-19
       8.2000   3.7221E-19
       8.2864   3.7157E-19
       8.3000   3.7147E-19
       8.3372   3.7119E-19
       8.4000   3.7073E-19
       8.4595   3.7029E-19
       8.4645   3.7025E-19
       8.4785   3.7015E-19
       8.5000   3.6999E-19
       8.6000   3.6925E-19
       8.7000   3.6850E-19
       8.7819   3.6790E-19
       8.8000   3.6776E-19
       8.8198   3.6762E-19
       8.8924   3.6708E-19
       8.9000   3.6702E-19
       9.0000   3.6628E-19
       9.0010   3.6627E-19
       9.1000   3.6554E-19
       9.1710   3.6501E-19
       9.2000   3.6479E-19
       9.3000   3.6405E-19
       9.3054   3.6401E-19
       9.3109   3.6397E-19
       9.3263   3.6386E-19
       9.4000   3.6331E-19
       9.4700   3.6279E-19
       9.4710   3.6278E-19
       9.5000   3.6257E-19
       9.5400   3.6227E-19
       9.5410   3.6227E-19
       9.5410   3.6226E-19
       9.6000   3.6183E-19
       9.6600   3.6138E-19
       9.6700   3.6131E-19
       9.6710   3.6130E-19
       9.7000   3.6109E-19
       9.7017   3.6107E-19
       9.8000   3.6034E-19
       9.8500   3.5997E-19
       9.8510   3.5997E-19
       9.9000   3.5960E-19
      10.0000   3.5886E-19
      10.0010   3.5885E-19
      10.0600   3.5854E-19
      10.0610   3.5853E-19
      10.0881   3.5839E-19
      10.2000   3.5778E-19
      10.2360   3.5759E-19
      10.2420   3.5756E-19
      10.2589   3.5747E-19
      10.3100   3.5719E-19
      10.3110   3.5718E-19
      10.4000   3.5670E-19
      10.4013   3.5670E-19
      10.6000   3.5563E-19
      10.6010   3.5562E-19
      10.6260   3.5549E-19
      10.6719   3.5524E-19
      10.8000   3.5455E-19
      10.9100   3.5396E-19
      10.9110   3.5395E-19
      10.9213   3.5390E-19
      10.9854   3.5355E-19
      11.0000   3.5347E-19
      11.0010   3.5347E-19
      11.0969   3.5295E-19
      11.2000   3.5239E-19
      11.2596   3.5207E-19
      11.2600   3.5207E-19
      11.2610   3.5207E-19
      11.2662   3.5204E-19
      11.2848   3.5194E-19
      11.4000   3.5132E-19
      11.4674   3.5095E-19
      11.6000   3.5024E-19
      11.6300   3.5008E-19
      11.6310   3.5007E-19
      11.6887   3.4976E-19
      11.7391   3.4949E-19
      11.8000   3.4916E-19
      11.8521   3.4888E-19
      12.0000   3.4808E-19
      12.0010   3.4808E-19
      12.0300   3.4792E-19
      12.0310   3.4792E-19
      12.0408   3.4786E-19
      12.0900   3.4760E-19
      12.2000   3.4701E-19
      12.2066   3.4697E-19
      12.3855   3.4601E-19
      12.3928   3.4597E-19
      12.4000   3.4593E-19
      12.4133   3.4586E-19
      12.4600   3.4561E-19
      12.4610   3.4560E-19
      12.5893   3.4491E-19
      12.6000   3.4490E-19
      12.6428   3.4484E-19
      12.6486   3.4483E-19
      12.7500   3.4471E-19
      12.8000   3.4464E-19
      12.8575   3.4457E-19
      12.9130   3.4450E-19
      12.9200   3.4449E-19
      12.9210   3.4449E-19
      13.0000   3.4439E-19
      13.0010   3.4439E-19
      13.0010   3.4439E-19
      13.0600   3.4432E-19
      13.2000   3.4414E-19
      13.2750   3.4405E-19
      13.4000   3.4389E-19
      13.4100   3.4388E-19
      13.4110   3.4388E-19
      13.4273   3.4386E-19
      13.6000   3.4364E-19
      13.6241   3.4361E-19
      13.6321   3.4360E-19
      13.6546   3.4357E-19
      13.8000   3.4339E-19
      13.8076   3.4338E-19
      13.9300   3.4322E-19
      13.9310   3.4322E-19
      13.9387   3.4321E-19
      14.0000   3.4314E-19
      14.0010   3.4313E-19
      14.1433   3.4296E-19
      14.2000   3.4288E-19
      14.2043   3.4288E-19
      14.4000   3.4263E-19
      14.4980   3.4251E-19
      14.5000   3.4251E-19
      14.5010   3.4251E-19
      14.5635   3.4243E-19
      14.6000   3.4238E-19
      14.6356   3.4234E-19
      14.7000   3.4226E-19
      14.7700   3.4217E-19
      14.8000   3.4213E-19
      14.9865   3.4190E-19
      14.9953   3.4188E-19
      15.0000   3.4188E-19
      15.0010   3.4188E-19
      15.0201   3.4185E-19
      15.2000   3.4163E-19
      15.2229   3.4160E-19
      15.3674   3.4142E-19
      15.4000   3.4138E-19
      15.5000   3.4125E-19
      15.5010   3.4125E-19
      15.5576   3.4118E-19
      15.6000   3.4112E-19
      15.6247   3.4109E-19
      15.7984   3.4088E-19
      15.8000   3.4087E-19
      15.8489   3.4081E-19
      15.9841   3.4011E-19
      16.0000   3.4003E-19
      16.0010   3.4002E-19
      16.1358   3.3932E-19
      16.2000   3.3898E-19
      16.2470   3.3874E-19
      16.4000   3.3794E-19
      16.4851   3.3750E-19
      16.4948   3.3745E-19
      16.5000   3.3742E-19
      16.5010   3.3742E-19
      16.5221   3.3731E-19
      16.6000   3.3690E-19
      16.6667   3.3655E-19
      16.7683   3.3603E-19
      16.7833   3.3595E-19
      16.8000   3.3586E-19
      16.9426   3.3512E-19
      17.0000   3.3482E-19
      17.0010   3.3481E-19
      17.1134   3.3423E-19
      17.1872   3.3385E-19
      17.2000   3.3378E-19
      17.4000   3.3274E-19
      17.5000   3.3222E-19
      17.5010   3.3221E-19
      17.6000   3.3170E-19
      17.6224   3.3158E-19
      17.7897   3.3071E-19
      17.8000   3.3066E-19
      17.8717   3.3028E-19
      18.0000   3.2961E-19
      18.0010   3.2961E-19
      18.1336   3.2892E-19
      18.1443   3.2886E-19
      18.1743   3.2871E-19
      18.2000   3.2857E-19
      18.4000   3.2753E-19
      18.5036   3.2699E-19
      18.6000   3.2649E-19
      18.6792   3.2608E-19
      18.8000   3.2545E-19
      18.8247   3.2532E-19
      18.9059   3.2490E-19
      19.0000   3.2441E-19
      19.2000   3.2337E-19
      19.3070   3.2281E-19
      19.4000   3.2233E-19
      19.4287   3.2218E-19
      19.6000   3.2129E-19
      19.6132   3.2122E-19
      19.6304   3.2113E-19
      19.6589   3.2098E-19
      19.8000   3.2024E-19
      19.9470   3.1948E-19
      19.9526   3.1945E-19
      19.9588   3.1944E-19
      19.9917   3.1939E-19
      20.0000   3.1938E-19
      20.1014   3.1923E-19
      20.4002   3.1879E-19
      20.5938   3.1850E-19
      20.7072   3.1833E-19
      20.7965   3.1820E-19
      21.0000   3.1790E-19
      21.0646   3.1780E-19
      21.4202   3.1727E-19
      21.5444   3.1709E-19
      21.6235   3.1697E-19
      21.6247   3.1697E-19
      21.9417   3.1650E-19
      21.9546   3.1648E-19
      21.9909   3.1643E-19
      22.0000   3.1641E-19
      22.2300   3.1607E-19
      22.4912   3.1568E-19
      22.7047   3.1537E-19
      22.7779   3.1526E-19
      22.8762   3.1511E-19
      23.0000   3.1493E-19
      23.6157   3.1402E-19
      23.6449   3.1397E-19
      23.7872   3.1376E-19
      23.8399   3.1368E-19
      24.0000   3.1345E-19
      24.1359   3.1325E-19
      24.1501   3.1322E-19
      24.1900   3.1316E-19
      24.7965   3.1227E-19
      25.0000   3.1196E-19
      25.0319   3.1192E-19
      25.0557   3.1188E-19
      25.1189   3.1179E-19
      25.1638   3.1175E-19
      25.5955   3.1139E-19
      25.9502   3.1109E-19
      26.0000   3.1104E-19
      26.0363   3.1101E-19
      26.1659   3.1090E-19
      26.2835   3.1081E-19
      26.5494   3.1058E-19
      26.5651   3.1057E-19
      26.6090   3.1053E-19
      27.0000   3.1020E-19
      27.3382   3.0992E-19
      27.5612   3.0973E-19
      27.5977   3.0970E-19
      27.6801   3.0963E-19
      28.0000   3.0936E-19
      28.1305   3.0925E-19
      28.4804   3.0895E-19
      28.7051   3.0876E-19
      28.9776   3.0853E-19
      29.0000   3.0852E-19
      29.2044   3.0834E-19
      29.2216   3.0833E-19
      29.2699   3.0829E-19
      29.4705   3.0812E-19
      30.0000   3.0767E-19
      30.1403   3.0755E-19
      30.3174   3.0740E-19
      30.4264   3.0731E-19
      30.4482   3.0729E-19
      31.0000   3.0683E-19
      31.2572   3.0661E-19
      31.6228   3.0630E-19
      31.6473   3.0625E-19
      31.9477   3.0555E-19
      32.0000   3.0543E-19
      32.1248   3.0514E-19
      32.1438   3.0509E-19
      32.1969   3.0497E-19
      33.0000   3.0310E-19
      33.2297   3.0256E-19
      33.3333   3.0232E-19
      33.3491   3.0228E-19
      33.4930   3.0195E-19
      33.5451   3.0183E-19
      33.9322   3.0093E-19
      34.0000   3.0077E-19
      34.3047   3.0006E-19
      34.8912   2.9869E-19
      35.0000   2.9844E-19
      35.2224   2.9792E-19
      35.3373   2.9765E-19
      35.3582   2.9760E-19
      35.4166   2.9747E-19
      36.0000   2.9611E-19
      36.4158   2.9514E-19
      36.6358   2.9463E-19
      36.6840   2.9452E-19
      36.8423   2.9415E-19
      36.9835   2.9382E-19
      37.0000   2.9378E-19
      37.4629   2.9270E-19
      37.6494   2.9227E-19
      38.0000   2.9145E-19
      38.4676   2.9036E-19
      38.8327   2.8951E-19
      38.8940   2.8937E-19
      39.0000   2.8912E-19
      39.0694   2.8896E-19
      39.2489   2.8854E-19
      39.8107   2.8723E-19
      40.0000   2.8695E-19
      40.3524   2.8641E-19
      40.3909   2.8636E-19
      40.5265   2.8615E-19
      40.7743   2.8578E-19
      41.0000   2.8543E-19
      41.3201   2.8495E-19
      42.0000   2.8392E-19
      42.4105   2.8330E-19
      42.7834   2.8274E-19
      42.8130   2.8269E-19
      43.0000   2.8241E-19
      44.0000   2.8089E-19
      44.3876   2.8031E-19
      44.5310   2.8009E-19
      44.5792   2.8002E-19
      44.9537   2.7945E-19
      44.9843   2.7941E-19
      45.0000   2.7938E-19
      45.3488   2.7885E-19
      46.0000   2.7787E-19
      46.7576   2.7672E-19
      47.0000   2.7636E-19
      47.0617   2.7626E-19
      47.2014   2.7605E-19
      48.0000   2.7484E-19
      48.8264   2.7359E-19
      49.0000   2.7333E-19
      49.0371   2.7327E-19
      49.0954   2.7318E-19
      49.5614   2.7248E-19
      49.7702   2.7216E-19
      49.9950   2.7182E-19
      50.0000   2.7182E-19
      50.1187   2.7164E-19
      51.0000   2.7127E-19
      51.5502   2.7104E-19
      51.7679   2.7095E-19
      51.7948   2.7094E-19
      52.0000   2.7085E-19
      52.0395   2.7084E-19
      53.0000   2.7044E-19
      53.0060   2.7044E-19
      53.1249   2.7039E-19
      53.7090   2.7014E-19
      53.9408   2.7005E-19
      54.0000   2.7002E-19
      54.6228   2.6976E-19
      55.0000   2.6961E-19
      56.0000   2.6919E-19
      57.0000   2.6877E-19
      58.0000   2.6836E-19
      58.8735   2.6799E-19
      59.0000   2.6794E-19
      59.6362   2.6768E-19
      59.9484   2.6755E-19
      60.0000   2.6753E-19
      61.0000   2.6711E-19
      62.0000   2.6669E-19
      63.0000   2.6628E-19
      63.0957   2.6624E-19
      64.0000   2.6592E-19
      65.0000   2.6557E-19
      65.7933   2.6530E-19
      66.0000   2.6522E-19
      66.6600   2.6499E-19
      66.6667   2.6499E-19
      67.0000   2.6488E-19
      68.0000   2.6453E-19
      68.6649   2.6429E-19
      69.0000   2.6418E-19
      70.0000   2.6383E-19
      71.0000   2.6348E-19
      72.0000   2.6313E-19
      72.2081   2.6306E-19
      73.0000   2.6278E-19
      74.0000   2.6243E-19
      74.2964   2.6233E-19
      75.0000   2.6208E-19
      76.0000   2.6173E-19
      77.0000   2.6138E-19
      77.3253   2.6127E-19
      77.6518   2.6115E-19
      78.0000   2.6103E-19
      78.0593   2.6101E-19
      79.0000   2.6068E-19
      79.0604   2.6066E-19
      79.2483   2.6060E-19
      79.4328   2.6053E-19
      79.5089   2.6049E-19
      79.6874   2.6038E-19
      80.0000   2.6018E-19
      80.5636   2.5983E-19
      80.9112   2.5962E-19
      81.0000   2.5956E-19
      82.0000   2.5895E-19
      83.0000   2.5833E-19
      84.0000   2.5771E-19
      85.0000   2.5709E-19
      86.0000   2.5647E-19
      86.9749   2.5587E-19
      87.0000   2.5585E-19
      88.0000   2.5523E-19
      88.3100   2.5504E-19
      88.9244   2.5466E-19
      89.0000   2.5462E-19
      90.0000   2.5400E-19
      91.0000   2.5338E-19
      91.0298   2.5336E-19
      92.0000   2.5276E-19
      93.0000   2.5214E-19
      94.0000   2.5152E-19
      95.0000   2.5090E-19
      95.4548   2.5062E-19
      96.0000   2.5029E-19
      97.0000   2.4967E-19
      98.0000   2.4905E-19
      99.0000   2.4843E-19
     100.0000   2.4781E-19
     104.7616   2.4781E-19
     104.8113   2.4781E-19
     114.9757   2.4781E-19
     115.9879   2.4781E-19
     116.4778   2.4781E-19
     117.0889   2.4781E-19
     118.5215   2.4781E-19
     119.2634   2.4781E-19
     119.5314   2.4781E-19
     120.6793   2.4781E-19
     120.8453   2.4781E-19
     121.3670   2.4781E-19
     126.1857   2.4781E-19
     132.4650   2.4781E-19
     138.4886   2.4781E-19
     138.9495   2.4781E-19
     151.9911   2.4781E-19
     157.9842   2.4781E-19
     159.9859   2.4781E-19
     166.8101   2.4781E-19
     173.9819   2.4781E-19
     174.7166   2.4781E-19
     175.6334   2.4781E-19
     178.8951   2.4781E-19
     179.2967   2.4781E-19
     181.2680   2.4781E-19
     182.0500   2.4781E-19
     183.0738   2.4781E-19
     184.2070   2.4781E-19
     192.2521   2.4781E-19
     198.6975   2.4781E-19
     200.0000   2.4781E-19
     200.9233   2.4781E-19
     210.6456   2.4781E-19
     212.0951   2.4781E-19
     220.5131   2.4781E-19
     242.0128   2.4781E-19
     244.2053   2.4781E-19
     250.0000   2.4781E-19
     260.9729   2.4781E-19
     262.0750   2.4781E-19
     263.4501   2.4781E-19
     265.6088   2.4781E-19
     268.3427   2.4781E-19
     268.9451   2.4781E-19
     271.9020   2.4781E-19
     273.0750   2.4781E-19
     280.6386   2.4781E-19
     281.1769   2.4781E-19
     291.5053   2.4781E-19
     298.0465   2.4781E-19
     300.0000   2.4781E-19
     319.9267   2.4781E-19
     323.7458   2.4781E-19
     351.1192   2.4781E-19
     372.7594   2.4781E-19
     374.6292   2.4781E-19
     385.3529   2.4781E-19
     391.4593   2.4781E-19
     392.2369   2.4781E-19
     393.1125   2.4781E-19
     395.1751   2.4781E-19
     400.0000   2.4781E-19
     402.5140   2.4781E-19
     403.4170   2.4781E-19
     407.8530   2.4781E-19
     409.6130   2.4781E-19
     422.9243   2.4781E-19
     429.1934   2.4781E-19
     447.0695   2.4781E-19
     464.1589   2.4781E-19
     494.1713   2.4781E-19
     499.9500   2.4781E-19
     500.0000   2.4781E-19
     509.4138   2.4781E-19
     559.0810   2.4781E-19
     568.9866   2.4781E-19
     587.1890   2.4781E-19
     589.6687   2.4781E-19
     592.7626   2.4781E-19
     600.0000   2.4781E-19
     603.7711   2.4781E-19
     605.1261   2.4781E-19
     611.7795   2.4781E-19
     613.5907   2.4781E-19
     614.4190   2.4781E-19
     655.1286   2.4781E-19
     666.6000   2.4781E-19
     670.6050   2.4781E-19
     673.4151   2.4781E-19
     700.0000   2.4781E-19
     739.0722   2.4781E-19
     754.3120   2.4781E-19
     800.0000   2.4781E-19
     800.2504   2.4781E-19
     811.1308   2.4781E-19
     868.5114   2.4781E-19
     880.7834   2.4781E-19
     884.5030   2.4781E-19
     889.1439   2.4781E-19
     889.2444   2.4781E-19
     890.2151   2.4781E-19
     900.0000   2.4781E-19
     905.6568   2.4781E-19
     907.6892   2.4781E-19
     917.6693   2.4781E-19
     921.6290   2.4781E-19
     977.0100   2.4781E-19
    1000.0000   2.4781E-19
    1005.9050   2.4781E-19
    1072.2670   2.4781E-19
    1176.8120   2.4781E-19
    1185.2148   2.4781E-19
    1291.5500   2.4781E-19
    1321.1750   2.4781E-19
    1326.7550   2.4781E-19
    1333.7160   2.4781E-19
    1358.4848   2.4781E-19
    1361.5305   2.4781E-19
    1376.5040   2.4781E-19
    1382.4400   2.4781E-19
    1393.4330   2.4781E-19
    1417.4740   2.4781E-19
    1508.8600   2.4781E-19
    1555.6760   2.4781E-19
    1580.5086   2.4781E-19
    1707.3530   2.4781E-19
    1873.8170   2.4781E-19
    1981.7630   2.4781E-19
    1990.1320   2.4781E-19
    2000.0000   2.4781E-19
    2000.5740   2.4781E-19
    2037.7275   2.4781E-19
    2042.3024   2.4781E-19
    2056.5120   2.4781E-19
    2064.7560   2.4781E-19
    2073.6600   2.4781E-19
    2107.7892   2.4781E-19
    2257.0200   2.4781E-19
    2263.2900   2.4781E-19
    2477.0760   2.4781E-19
    2524.3560   2.4781E-19
    2718.5880   2.4781E-19
    2811.0522   2.4781E-19
    2972.6440   2.4781E-19
    2983.6470   2.4781E-19
    2985.1980   2.4781E-19
    3000.8610   2.4781E-19
    3056.5910   2.4781E-19
    3063.4470   2.4781E-19
    3097.1340   2.4781E-19
    3110.5000   2.4781E-19
    3274.5490   2.4781E-19
    3394.9350   2.4781E-19
    3593.8140   2.4781E-19
    3748.2918   2.4781E-19
    3944.2060   2.4781E-19
    4000.0000   2.4781E-19
    4060.7120   2.4781E-19
    4328.7610   2.4781E-19
    4458.9660   2.4781E-19
    4477.7970   2.4781E-19
    4501.2910   2.4781E-19
    4584.8861   2.4781E-19
    4595.1738   2.4781E-19
    4645.7010   2.4781E-19
    4665.7500   2.4781E-19
    4750.8100   2.4781E-19
    4998.8334   2.4781E-19
    5000.0000   2.4781E-19
    5092.4000   2.4781E-19
    5214.0080   2.4781E-19
    5722.3680   2.4781E-19
    6280.2910   2.4781E-19
    6532.1130   2.4781E-19
    6666.0000   2.4781E-19
    6688.4490   2.4781E-19
    6716.6950   2.4781E-19
    6751.9370   2.4781E-19
    6877.3322   2.4781E-19
    6892.6120   2.4781E-19
    6892.7773   2.4781E-19
    6968.5510   2.4781E-19
    6998.6200   2.4781E-19
    7100.0000   2.4781E-19
    7564.6330   2.4781E-19
    8302.1760   2.4781E-19
    9111.6280   2.4781E-19
   10000.0000   2.4781E-19
   10032.6700   2.4781E-19
   10075.0400   2.4781E-19
   10127.9000   2.4781E-19
   10452.8300   2.4781E-19
   10497.9000   2.4781E-19
   10507.6500   2.4781E-19
  
       0.0000   2.1898E-19
       0.0006   2.1898E-19
       0.0006   2.1898E-19
       0.0007   2.1898E-19
       0.0007   2.1898E-19
       0.0008   2.1898E-19
       0.0009   2.1898E-19
       0.0010   2.1898E-19
       0.0010   2.1898E-19
       0.0011   2.1898E-19
       0.0012   2.1898E-19
       0.0013   2.1898E-19
       0.0014   2.1898E-19
       0.0016   2.1898E-19
       0.0017   2.1898E-19
       0.0019   2.1898E-19
       0.0021   2.1898E-19
       0.0023   2.1898E-19
       0.0025   2.1898E-19
       0.0028   2.1898E-19
       0.0031   2.1898E-19
       0.0034   2.1898E-19
       0.0037   2.1898E-19
       0.0041   2.1898E-19
       0.0045   2.1898E-19
       0.0049   2.1898E-19
       0.0054   2.1898E-19
       0.0060   2.1898E-19
       0.0066   2.1898E-19
       0.0067   2.1898E-19
       0.0072   2.1898E-19
       0.0073   2.1898E-19
       0.0079   2.1898E-19
       0.0081   2.1898E-19
       0.0087   2.1898E-19
       0.0089   2.1898E-19
       0.0096   2.1898E-19
       0.0097   2.1898E-19
       0.0098   2.1898E-19
       0.0100   2.1898E-19
       0.0106   2.1898E-19
       0.0107   2.1898E-19
       0.0107   2.1898E-19
       0.0110   2.1898E-19
       0.0116   2.1898E-19
       0.0118   2.1898E-19
       0.0118   2.1898E-19
       0.0125   2.1898E-19
       0.0128   2.1898E-19
       0.0130   2.1898E-19
       0.0130   2.1898E-19
       0.0137   2.1898E-19
       0.0141   2.1898E-19
       0.0143   2.1898E-19
       0.0143   2.1898E-19
       0.0152   2.1898E-19
       0.0155   2.1898E-19
       0.0157   2.1898E-19
       0.0157   2.1898E-19
       0.0170   2.1898E-19
       0.0172   2.1898E-19
       0.0173   2.1898E-19
       0.0173   2.1898E-19
       0.0187   2.1898E-19
       0.0190   2.1898E-19
       0.0190   2.1898E-19
       0.0195   2.1898E-19
       0.0197   2.1898E-19
       0.0200   2.1898E-19
       0.0206   2.1898E-19
       0.0209   2.1898E-19
       0.0209   2.1898E-19
       0.0224   2.1898E-19
       0.0226   2.1898E-19
       0.0230   2.1898E-19
       0.0230   2.1898E-19
       0.0249   2.1898E-19
       0.0253   2.1898E-19
       0.0253   2.1898E-19
       0.0253   2.1898E-19
       0.0267   2.1898E-19
       0.0274   2.1898E-19
       0.0278   2.1898E-19
       0.0278   2.1898E-19
       0.0285   2.1898E-19
       0.0293   2.1898E-19
       0.0300   2.1898E-19
       0.0301   2.1898E-19
       0.0306   2.1898E-19
       0.0306   2.1898E-19
       0.0314   2.1898E-19
       0.0318   2.1898E-19
       0.0331   2.1898E-19
       0.0336   2.1898E-19
       0.0337   2.1898E-19
       0.0355   2.1898E-19
       0.0364   2.1898E-19
       0.0370   2.1898E-19
       0.0371   2.1898E-19
       0.0396   2.1898E-19
       0.0400   2.1898E-19
       0.0401   2.1898E-19
       0.0407   2.1898E-19
       0.0408   2.1898E-19
       0.0438   2.1898E-19
       0.0441   2.1898E-19
       0.0448   2.1898E-19
       0.0448   2.1898E-19
       0.0480   2.1898E-19
       0.0485   2.1898E-19
       0.0487   2.1898E-19
       0.0492   2.1898E-19
       0.0493   2.1898E-19
       0.0500   2.1898E-19
       0.0505   2.1898E-19
       0.0526   2.1898E-19
       0.0534   2.1898E-19
       0.0542   2.1898E-19
       0.0543   2.1898E-19
       0.0571   2.1898E-19
       0.0582   2.1898E-19
       0.0587   2.1898E-19
       0.0596   2.1898E-19
       0.0597   2.1898E-19
       0.0600   2.1898E-19
       0.0646   2.1898E-19
       0.0650   2.1898E-19
       0.0655   2.1898E-19
       0.0657   2.1898E-19
       0.0667   2.1898E-19
       0.0673   2.1898E-19
       0.0700   2.1898E-19
       0.0710   2.1898E-19
       0.0721   2.1898E-19
       0.0722   2.1898E-19
       0.0739   2.1898E-19
       0.0781   2.1898E-19
       0.0785   2.1898E-19
       0.0793   2.1898E-19
       0.0794   2.1898E-19
       0.0800   2.1898E-19
       0.0810   2.1898E-19
       0.0840   2.1898E-19
       0.0859   2.1898E-19
       0.0872   2.1898E-19
       0.0874   2.1898E-19
       0.0889   2.1898E-19
       0.0900   2.1898E-19
       0.0945   2.1898E-19
       0.0955   2.1898E-19
       0.0960   2.1898E-19
       0.0961   2.1898E-19
       0.0985   2.1898E-19
       0.0996   2.1898E-19
       0.1000   2.1898E-19
       0.1000   2.1898E-19
       0.1009   2.1851E-19
       0.1040   2.1696E-19
       0.1056   2.1616E-19
       0.1057   2.1607E-19
       0.1083   2.1477E-19
       0.1083   2.1475E-19
       0.1095   2.1415E-19
       0.1137   2.1204E-19
       0.1144   2.1169E-19
       0.1161   2.1081E-19
       0.1163   2.1071E-19
       0.1173   2.1021E-19
       0.1185   2.0959E-19
       0.1200   2.0885E-19
       0.1205   2.0860E-19
       0.1210   2.0834E-19
       0.1258   2.0590E-19
       0.1259   2.0586E-19
       0.1262   2.0573E-19
       0.1271   2.0536E-19
       0.1277   2.0508E-19
       0.1279   2.0499E-19
       0.1293   2.0442E-19
       0.1300   2.0412E-19
       0.1310   2.0369E-19
       0.1325   2.0305E-19
       0.1331   2.0280E-19
       0.1376   2.0088E-19
       0.1384   2.0056E-19
       0.1405   1.9966E-19
       0.1407   1.9956E-19
       0.1458   1.9743E-19
       0.1464   1.9716E-19
       0.1470   1.9691E-19
       0.1491   1.9603E-19
       0.1522   1.9469E-19
       0.1546   1.9370E-19
       0.1548   1.9359E-19
       0.1580   1.9225E-19
       0.1585   1.9204E-19
       0.1604   1.9137E-19
       0.1611   1.9112E-19
       0.1615   1.9098E-19
       0.1656   1.8948E-19
       0.1675   1.8883E-19
       0.1700   1.8791E-19
       0.1703   1.8781E-19
       0.1749   1.8618E-19
       0.1764   1.8563E-19
       0.1772   1.8536E-19
       0.1800   1.8434E-19
       0.1810   1.8399E-19
       0.1842   1.8284E-19
       0.1849   1.8259E-19
       0.1870   1.8183E-19
       0.1873   1.8172E-19
       0.1894   1.8098E-19
       0.1940   1.7932E-19
       0.1949   1.7902E-19
       0.1995   1.7736E-19
       0.2000   1.7722E-19
       0.2000   1.7722E-19
       0.2010   1.7691E-19
       0.2026   1.7641E-19
       0.2051   1.7564E-19
       0.2057   1.7547E-19
       0.2061   1.7536E-19
       0.2064   1.7525E-19
       0.2100   1.7416E-19
       0.2106   1.7396E-19
       0.2110   1.7385E-19
       0.2112   1.7379E-19
       0.2134   1.7311E-19
       0.2144   1.7283E-19
       0.2200   1.7110E-19
       0.2210   1.7080E-19
       0.2222   1.7043E-19
       0.2229   1.7022E-19
       0.2263   1.6918E-19
       0.2267   1.6906E-19
       0.2304   1.6791E-19
       0.2348   1.6658E-19
       0.2358   1.6627E-19
       0.2407   1.6479E-19
       0.2452   1.6340E-19
       0.2489   1.6226E-19
       0.2493   1.6214E-19
       0.2512   1.6157E-19
       0.2549   1.6058E-19
       0.2583   1.5968E-19
       0.2594   1.5938E-19
       0.2600   1.5922E-19
       0.2607   1.5904E-19
       0.2610   1.5895E-19
       0.2697   1.5662E-19
       0.2738   1.5552E-19
       0.2743   1.5540E-19
       0.2806   1.5370E-19
       0.2813   1.5352E-19
       0.2823   1.5325E-19
       0.2841   1.5278E-19
       0.2846   1.5265E-19
       0.2853   1.5245E-19
       0.2900   1.5120E-19
       0.2910   1.5094E-19
       0.2967   1.4942E-19
       0.3000   1.4853E-19
       0.3000   1.4853E-19
       0.3010   1.4826E-19
       0.3012   1.4821E-19
       0.3017   1.4808E-19
       0.3058   1.4698E-19
       0.3100   1.4586E-19
       0.3110   1.4559E-19
       0.3125   1.4519E-19
       0.3138   1.4483E-19
       0.3162   1.4420E-19
       0.3200   1.4327E-19
       0.3206   1.4312E-19
       0.3210   1.4303E-19
       0.3263   1.4172E-19
       0.3312   1.4053E-19
       0.3313   1.4050E-19
       0.3319   1.4037E-19
       0.3437   1.3746E-19
       0.3452   1.3710E-19
       0.3500   1.3593E-19
       0.3510   1.3569E-19
       0.3587   1.3380E-19
       0.3590   1.3374E-19
       0.3645   1.3240E-19
       0.3645   1.3237E-19
       0.3651   1.3225E-19
       0.3746   1.2991E-19
       0.3781   1.2905E-19
       0.3797   1.2866E-19
       0.3800   1.2859E-19
       0.3810   1.2835E-19
       0.3885   1.2650E-19
       0.3900   1.2615E-19
       0.3910   1.2590E-19
       0.3949   1.2496E-19
       0.3981   1.2416E-19
       0.4000   1.2381E-19
       0.4000   1.2381E-19
       0.4009   1.2364E-19
       0.4010   1.2362E-19
       0.4016   1.2351E-19
       0.4033   1.2319E-19
       0.4100   1.2192E-19
       0.4110   1.2173E-19
       0.4142   1.2112E-19
       0.4159   1.2079E-19
       0.4177   1.2046E-19
       0.4208   1.1987E-19
       0.4344   1.1731E-19
       0.4400   1.1624E-19
       0.4410   1.1606E-19
       0.4410   1.1605E-19
       0.4417   1.1592E-19
       0.4558   1.1325E-19
       0.4575   1.1293E-19
       0.4585   1.1274E-19
       0.4595   1.1256E-19
       0.4600   1.1246E-19
       0.4610   1.1227E-19
       0.4700   1.1057E-19
       0.4710   1.1038E-19
       0.4778   1.0910E-19
       0.4851   1.0772E-19
       0.4859   1.0757E-19
       0.4900   1.0679E-19
       0.4910   1.0660E-19
       0.4937   1.0609E-19
       0.5000   1.0491E-19
       0.5000   1.0490E-19
       0.5010   1.0471E-19
       0.5012   1.0467E-19
       0.5033   1.0439E-19
       0.5054   1.0409E-19
       0.5160   1.0263E-19
       0.5200   1.0208E-19
       0.5210   1.0194E-19
       0.5256   1.0131E-19
       0.5300   1.0070E-19
       0.5310   1.0056E-19
       0.5336   1.0020E-19
       0.5345   1.0008E-19
       0.5347   1.0005E-19
       0.5359   9.9885E-20
       0.5400   9.9319E-20
       0.5410   9.9181E-20
       0.5536   9.7442E-20
       0.5560   9.7112E-20
       0.5781   9.4056E-20
       0.5792   9.3914E-20
       0.5870   9.2839E-20
       0.5879   9.2706E-20
       0.6000   9.1039E-20
       0.6000   9.1039E-20
       0.6010   9.0901E-20
       0.6090   8.9802E-20
       0.6116   8.9440E-20
       0.6263   8.7404E-20
       0.6273   8.7272E-20
       0.6310   8.6767E-20
       0.6360   8.6282E-20
       0.6456   8.5338E-20
       0.6467   8.5234E-20
       0.6500   8.4915E-20
       0.6510   8.4818E-20
       0.6666   8.3300E-20
       0.6699   8.2983E-20
       0.6700   8.2970E-20
       0.6710   8.2872E-20
       0.6727   8.2702E-20
       0.6794   8.2052E-20
       0.6995   8.0096E-20
       0.7000   8.0051E-20
       0.7000   8.0051E-20
       0.7010   7.9954E-20
       0.7102   7.9058E-20
       0.7114   7.8944E-20
       0.7200   7.8106E-20
       0.7210   7.8009E-20
       0.7212   7.7988E-20
       0.7254   7.7584E-20
       0.7359   7.6559E-20
       0.7368   7.6467E-20
       0.7400   7.6158E-20
       0.7540   7.4799E-20
       0.7600   7.4215E-20
       0.7610   7.4118E-20
       0.7695   7.3292E-20
       0.7800   7.2270E-20
       0.7810   7.2173E-20
       0.7812   7.2150E-20
       0.7825   7.2024E-20
       0.7943   7.0876E-20
       0.7971   7.0714E-20
       0.8000   7.0541E-20
       0.8000   7.0541E-20
       0.8105   6.9918E-20
       0.8140   6.9711E-20
       0.8324   6.8625E-20
       0.8400   6.8174E-20
       0.8410   6.8115E-20
       0.8464   6.7793E-20
       0.8500   6.7583E-20
       0.8510   6.7523E-20
       0.8594   6.7029E-20
       0.8600   6.6991E-20
       0.8608   6.6945E-20
       0.8610   6.6932E-20
       0.8633   6.6795E-20
       0.8892   6.5261E-20
       0.8900   6.5216E-20
       0.8910   6.5157E-20
       0.8916   6.5123E-20
       0.8954   6.4895E-20
       0.9000   6.4625E-20
       0.9000   6.4625E-20
       0.9010   6.4565E-20
       0.9300   6.2850E-20
       0.9310   6.2791E-20
       0.9311   6.2785E-20
       0.9351   6.2550E-20
       0.9453   6.1945E-20
       0.9469   6.1853E-20
       0.9500   6.1667E-20
       0.9510   6.1608E-20
       0.9686   6.0568E-20
       0.9807   5.9848E-20
       0.9850   5.9598E-20
       1.0000   5.8709E-20
       1.0030   5.8545E-20
       1.0092   5.8207E-20
       1.0100   5.8164E-20
       1.0110   5.8110E-20
       1.0128   5.8014E-20
       1.0242   5.7391E-20
       1.0398   5.6541E-20
       1.0400   5.6531E-20
       1.0410   5.6477E-20
       1.0415   5.6447E-20
       1.0600   5.5442E-20
       1.0610   5.5388E-20
       1.0700   5.4898E-20
       1.0710   5.4844E-20
       1.0788   5.4418E-20
       1.0835   5.4165E-20
       1.0970   5.3431E-20
       1.1000   5.3265E-20
       1.1164   5.2374E-20
       1.1266   5.1816E-20
       1.1300   5.1632E-20
       1.1310   5.1577E-20
       1.1400   5.1087E-20
       1.1410   5.1033E-20
       1.1438   5.0880E-20
       1.1457   5.0777E-20
       1.1852   4.8626E-20
       1.1867   4.8545E-20
       1.1881   4.8468E-20
       1.1918   4.8266E-20
       1.2000   4.7821E-20
       1.2010   4.7766E-20
       1.2100   4.7276E-20
       1.2110   4.7222E-20
       1.2125   4.7143E-20
       1.2393   4.5682E-20
       1.2500   4.5099E-20
       1.2510   4.5044E-20
       1.2582   4.4653E-20
       1.2589   4.4613E-20
       1.2603   4.4551E-20
       1.2869   4.3325E-20
       1.3000   4.2720E-20
       1.3010   4.2674E-20
       1.3054   4.2472E-20
       1.3110   4.2213E-20
       1.3200   4.1798E-20
       1.3210   4.1752E-20
       1.3632   3.9806E-20
       1.3786   3.9097E-20
       1.3800   3.9033E-20
       1.3810   3.8987E-20
       1.3840   3.8848E-20
       1.3863   3.8742E-20
       1.3938   3.8396E-20
       1.4000   3.8111E-20
       1.4200   3.7189E-20
       1.4210   3.7143E-20
       1.4359   3.6456E-20
       1.4400   3.6267E-20
       1.4410   3.6221E-20
       1.4421   3.6170E-20
       1.4500   3.5806E-20
       1.4510   3.5760E-20
       1.4700   3.4885E-20
       1.4710   3.4838E-20
       1.4714   3.4818E-20
       1.4995   3.3523E-20
       1.5000   3.3502E-20
       1.5010   3.3456E-20
       1.5096   3.3057E-20
       1.5215   3.2510E-20
       1.5224   3.2469E-20
       1.5249   3.2353E-20
       1.5600   3.0736E-20
       1.5610   3.0690E-20
       1.5675   3.0389E-20
       1.5700   3.0276E-20
       1.5710   3.0229E-20
       1.5795   2.9838E-20
       1.5798   2.9822E-20
       1.5849   2.9589E-20
       1.5863   2.9565E-20
       1.5900   2.9502E-20
       1.5910   2.9485E-20
       1.6000   2.9331E-20
       1.6351   2.8730E-20
       1.6495   2.8484E-20
       1.6700   2.8134E-20
       1.6710   2.8116E-20
       1.6737   2.8071E-20
       1.6746   2.8054E-20
       1.6774   2.8007E-20
       1.7000   2.7620E-20
       1.7200   2.7278E-20
       1.7210   2.7261E-20
       1.7300   2.7107E-20
       1.7310   2.7090E-20
       1.7374   2.6980E-20
       1.7449   2.6852E-20
       1.7661   2.6490E-20
       1.7710   2.6406E-20
       1.7800   2.6252E-20
       1.7810   2.6235E-20
       1.7900   2.6081E-20
       1.7910   2.6064E-20
       1.8000   2.5910E-20
       1.8010   2.5893E-20
       1.8144   2.5663E-20
       1.8400   2.5226E-20
       1.8410   2.5209E-20
       1.8410   2.5208E-20
       1.8421   2.5190E-20
       1.8452   2.5138E-20
       1.8700   2.4713E-20
       1.8710   2.4696E-20
       1.9000   2.4200E-20
       1.9010   2.4183E-20
       1.9112   2.4008E-20
       1.9182   2.3888E-20
       1.9194   2.3867E-20
       1.9700   2.3002E-20
       1.9710   2.2985E-20
       1.9800   2.2831E-20
       1.9810   2.2814E-20
       1.9953   2.2570E-20
       1.9959   2.2563E-20
       2.0000   2.2511E-20
       2.0081   2.2410E-20
       2.0100   2.2386E-20
       2.0110   2.2374E-20
       2.0251   2.2197E-20
       2.0263   2.2182E-20
       2.0297   2.2141E-20
       2.0776   2.1542E-20
       2.0900   2.1388E-20
       2.0910   2.1375E-20
       2.1000   2.1263E-20
       2.1023   2.1234E-20
       2.1065   2.1182E-20
       2.1114   2.1121E-20
       2.1600   2.0514E-20
       2.1610   2.0501E-20
       2.1700   2.0389E-20
       2.1710   2.0376E-20
       2.1900   2.0139E-20
       2.1910   2.0127E-20
       2.1955   2.0071E-20
       2.2000   2.0014E-20
       2.2276   1.9669E-20
       2.2290   1.9653E-20
       2.2326   1.9607E-20
       2.2503   1.9386E-20
       2.2700   1.9140E-20
       2.2710   1.9128E-20
       2.2833   1.8974E-20
       2.3000   1.8766E-20
       2.3010   1.8753E-20
       2.3125   1.8609E-20
       2.3225   1.8485E-20
       2.3300   1.8391E-20
       2.3310   1.8379E-20
       2.3700   1.7892E-20
       2.3710   1.7879E-20
       2.4000   1.7517E-20
       2.4100   1.7393E-20
       2.4110   1.7380E-20
       2.4150   1.7330E-20
       2.4373   1.7051E-20
       2.4504   1.6888E-20
       2.4519   1.6870E-20
       2.4559   1.6819E-20
       2.5000   1.6269E-20
       2.5010   1.6256E-20
       2.5119   1.6121E-20
       2.5438   1.5929E-20
       2.5490   1.5898E-20
       2.5548   1.5863E-20
       2.5700   1.5772E-20
       2.5710   1.5766E-20
       2.6000   1.5592E-20
       2.6100   1.5532E-20
       2.6110   1.5526E-20
       2.6200   1.5472E-20
       2.6210   1.5466E-20
       2.6399   1.5352E-20
       2.6565   1.5253E-20
       2.6700   1.5172E-20
       2.6710   1.5166E-20
       2.6954   1.5019E-20
       2.6970   1.5010E-20
       2.7000   1.4992E-20
       2.7015   1.4983E-20
       2.7300   1.4812E-20
       2.7310   1.4806E-20
       2.7684   1.4581E-20
       2.7734   1.4551E-20
       2.7982   1.4403E-20
       2.8000   1.4392E-20
       2.8010   1.4386E-20
       2.8102   1.4330E-20
       2.8131   1.4313E-20
       2.8200   1.4272E-20
       2.8210   1.4266E-20
       2.8593   1.4036E-20
       2.8600   1.4032E-20
       2.8610   1.4026E-20
       2.9000   1.3792E-20
       2.9222   1.3659E-20
       2.9300   1.3612E-20
       2.9310   1.3606E-20
       2.9650   1.3402E-20
       2.9667   1.3391E-20
       2.9716   1.3362E-20
       3.0000   1.3192E-20
       3.0010   1.3186E-20
       3.0067   1.3152E-20
       3.0200   1.3072E-20
       3.0210   1.3066E-20
       3.0780   1.2724E-20
       3.0800   1.2712E-20
       3.0810   1.2706E-20
       3.0888   1.2659E-20
       3.0913   1.2644E-20
       3.0969   1.2610E-20
       3.1000   1.2592E-20
       3.1010   1.2586E-20
       3.1623   1.2218E-20
       3.2000   1.2095E-20
       3.2100   1.2063E-20
       3.2110   1.2059E-20
       3.2144   1.2048E-20
       3.2600   1.1900E-20
       3.2610   1.1897E-20
       3.2615   1.1895E-20
       3.2634   1.1889E-20
       3.2655   1.1882E-20
       3.2688   1.1871E-20
       3.3000   1.1770E-20
       3.3300   1.1672E-20
       3.3310   1.1669E-20
       3.3500   1.1607E-20
       3.3510   1.1604E-20
       3.3543   1.1593E-20
       3.3858   1.1491E-20
       3.3900   1.1477E-20
       3.3910   1.1474E-20
       3.4000   1.1445E-20
       3.4004   1.1443E-20
       3.4600   1.1249E-20
       3.4610   1.1246E-20
       3.5000   1.1119E-20
       3.5010   1.1116E-20
       3.5358   1.1003E-20
       3.5565   1.0936E-20
       3.5700   1.0892E-20
       3.5710   1.0888E-20
       3.5792   1.0862E-20
       3.5876   1.0834E-20
       3.5898   1.0827E-20
       3.5957   1.0808E-20
       3.6000   1.0794E-20
       3.6200   1.0729E-20
       3.6210   1.0726E-20
       3.6331   1.0686E-20
       3.7000   1.0469E-20
       3.7244   1.0390E-20
       3.7300   1.0371E-20
       3.7310   1.0368E-20
       3.7400   1.0339E-20
       3.7404   1.0337E-20
       3.7410   1.0335E-20
       3.7463   1.0318E-20
       3.8000   1.0144E-20
       3.8700   9.9159E-21
       3.8710   9.9126E-21
       3.8872   9.8598E-21
       3.8894   9.8528E-21
       3.9000   9.8183E-21
       3.9351   9.7042E-21
       3.9464   9.6673E-21
       3.9487   9.6598E-21
       3.9500   9.6556E-21
       3.9510   9.6524E-21
       3.9553   9.6385E-21
       3.9811   9.5546E-21
       4.0000   9.5183E-21
       4.0010   9.5164E-21
       4.0800   9.3652E-21
       4.0810   9.3633E-21
       4.0949   9.3367E-21
       4.0968   9.3331E-21
       4.1000   9.3269E-21
       4.1145   9.2992E-21
       4.2000   9.1355E-21
       4.2600   9.0207E-21
       4.2607   9.0193E-21
       4.2610   9.0187E-21
       4.2621   9.0166E-21
       4.2783   8.9856E-21
       4.3000   8.9441E-21
       4.3410   8.8655E-21
       4.3436   8.8606E-21
       4.3508   8.8469E-21
       4.3900   8.7718E-21
       4.3910   8.7699E-21
       4.4000   8.7527E-21
       4.4700   8.6187E-21
       4.4710   8.6168E-21
       4.5000   8.5613E-21
       4.5010   8.5593E-21
       4.5065   8.5489E-21
       4.5259   8.5116E-21
       4.6000   8.3698E-21
       4.6163   8.3386E-21
       4.6416   8.2902E-21
       4.7000   8.1784E-21
       4.7062   8.1666E-21
       4.7131   8.1533E-21
       4.7149   8.1500E-21
       4.7752   8.0346E-21
       4.7780   8.0292E-21
       4.7859   8.0141E-21
       4.8000   7.9870E-21
       4.9000   7.7956E-21
       4.9571   7.6862E-21
       4.9785   7.6453E-21
       4.9995   7.6051E-21
       5.0000   7.6042E-21
       5.0119   7.5814E-21
       5.1000   7.4745E-21
       5.1768   7.3813E-21
       5.2000   7.3532E-21
       5.2135   7.3368E-21
       5.2527   7.2893E-21
       5.2558   7.2855E-21
       5.2645   7.2750E-21
       5.3000   7.2319E-21
       5.4000   7.1106E-21
       5.4287   7.0758E-21
       5.4528   7.0464E-21
       5.4764   7.0179E-21
       5.5000   6.9892E-21
       5.6000   6.8679E-21
       5.6944   6.7533E-21
       5.7000   6.7466E-21
       5.7779   6.6520E-21
       5.7813   6.6479E-21
       5.7909   6.6363E-21
       5.8000   6.6253E-21
       5.8202   6.6007E-21
       5.9000   6.5039E-21
       5.9981   6.3849E-21
       6.0000   6.3826E-21
       6.0240   6.3535E-21
       6.1000   6.2613E-21
       6.2000   6.1400E-21
       6.2506   6.0786E-21
       6.2639   6.0624E-21
       6.3000   6.0186E-21
       6.3096   6.0070E-21
       6.3557   5.9707E-21
       6.3595   5.9677E-21
       6.3700   5.9594E-21
       6.4000   5.9357E-21
       6.4975   5.8589E-21
       6.5000   5.8569E-21
       6.5979   5.7797E-21
       6.6000   5.7781E-21
       6.6264   5.7573E-21
       6.6660   5.7261E-21
       6.7000   5.6993E-21
       6.8000   5.6204E-21
       6.8903   5.5492E-21
       6.9000   5.5416E-21
       6.9913   5.4696E-21
       6.9954   5.4664E-21
       7.0000   5.4628E-21
       7.0010   5.4620E-21
       7.0070   5.4573E-21
       7.1000   5.3839E-21
       7.1874   5.3150E-21
       7.1969   5.3076E-21
       7.2000   5.3051E-21
       7.2577   5.2596E-21
       7.2890   5.2349E-21
       7.3000   5.2263E-21
       7.4000   5.1474E-21
       7.5000   5.0686E-21
       7.5793   5.0061E-21
       7.5941   4.9944E-21
       7.6000   4.9898E-21
       7.6904   4.9185E-21
       7.6950   4.9149E-21
       7.7000   4.9110E-21
       7.7077   4.9049E-21
       7.7682   4.8572E-21
       7.8000   4.8321E-21
       7.9000   4.7533E-21
       7.9433   4.7192E-21
       7.9506   4.7159E-21
       7.9835   4.7009E-21
       8.0000   4.6934E-21
       8.0010   4.6930E-21
       8.0180   4.6853E-21
       8.1000   4.6480E-21
       8.2000   4.6026E-21
       8.2864   4.5634E-21
       8.3000   4.5572E-21
       8.3372   4.5403E-21
       8.4000   4.5118E-21
       8.4595   4.4848E-21
       8.4645   4.4826E-21
       8.4785   4.4762E-21
       8.5000   4.4664E-21
       8.6000   4.4210E-21
       8.7000   4.3756E-21
       8.7819   4.3385E-21
       8.8000   4.3302E-21
       8.8198   4.3213E-21
       8.8924   4.2883E-21
       8.9000   4.2848E-21
       9.0000   4.2394E-21
       9.0010   4.2390E-21
       9.1000   4.1940E-21
       9.1710   4.1618E-21
       9.2000   4.1486E-21
       9.3000   4.1032E-21
       9.3054   4.1008E-21
       9.3109   4.0983E-21
       9.3263   4.0913E-21
       9.4000   4.0578E-21
       9.4700   4.0261E-21
       9.4710   4.0256E-21
       9.5000   4.0125E-21
       9.5400   3.9943E-21
       9.5410   3.9939E-21
       9.5410   3.9938E-21
       9.6000   3.9671E-21
       9.6600   3.9398E-21
       9.6700   3.9353E-21
       9.6710   3.9348E-21
       9.7000   3.9217E-21
       9.7017   3.9209E-21
       9.8000   3.8763E-21
       9.8500   3.8536E-21
       9.8510   3.8531E-21
       9.9000   3.8309E-21
      10.0000   3.7855E-21
      10.0010   3.7853E-21
      10.0600   3.7731E-21
      10.0610   3.7729E-21
      10.0881   3.7674E-21
      10.2000   3.7444E-21
      10.2360   3.7370E-21
      10.2420   3.7358E-21
      10.2589   3.7323E-21
      10.3100   3.7218E-21
      10.3110   3.7216E-21
      10.4000   3.7034E-21
      10.4013   3.7031E-21
      10.6000   3.6623E-21
      10.6010   3.6621E-21
      10.6260   3.6570E-21
      10.6719   3.6476E-21
      10.8000   3.6213E-21
      10.9100   3.5987E-21
      10.9110   3.5985E-21
      10.9213   3.5964E-21
      10.9854   3.5832E-21
      11.0000   3.5802E-21
      11.0010   3.5800E-21
      11.0969   3.5603E-21
      11.2000   3.5392E-21
      11.2596   3.5270E-21
      11.2600   3.5269E-21
      11.2610   3.5267E-21
      11.2662   3.5256E-21
      11.2848   3.5218E-21
      11.4000   3.4981E-21
      11.4674   3.4843E-21
      11.6000   3.4571E-21
      11.6300   3.4509E-21
      11.6310   3.4507E-21
      11.6887   3.4389E-21
      11.7391   3.4286E-21
      11.8000   3.4161E-21
      11.8521   3.4054E-21
      12.0000   3.3750E-21
      12.0010   3.3748E-21
      12.0300   3.3689E-21
      12.0310   3.3686E-21
      12.0408   3.3666E-21
      12.0900   3.3565E-21
      12.2000   3.3340E-21
      12.2066   3.3326E-21
      12.3855   3.2959E-21
      12.3928   3.2944E-21
      12.4000   3.2929E-21
      12.4133   3.2902E-21
      12.4600   3.2806E-21
      12.4610   3.2804E-21
      12.5893   3.2541E-21
      12.6000   3.2519E-21
      12.6428   3.2431E-21
      12.6486   3.2419E-21
      12.7500   3.2211E-21
      12.8000   3.2108E-21
      12.8575   3.1990E-21
      12.9130   3.1876E-21
      12.9200   3.1862E-21
      12.9210   3.1860E-21
      13.0000   3.1698E-21
      13.0010   3.1696E-21
      13.0010   3.1696E-21
      13.0600   3.1575E-21
      13.2000   3.1287E-21
      13.2750   3.1134E-21
      13.4000   3.0877E-21
      13.4100   3.0856E-21
      13.4110   3.0854E-21
      13.4273   3.0821E-21
      13.6000   3.0466E-21
      13.6241   3.0417E-21
      13.6321   3.0401E-21
      13.6546   3.0354E-21
      13.8000   3.0056E-21
      13.8076   3.0040E-21
      13.9300   2.9789E-21
      13.9310   2.9787E-21
      13.9387   2.9771E-21
      14.0000   2.9646E-21
      14.0010   2.9643E-21
      14.1433   2.9352E-21
      14.2000   2.9235E-21
      14.2043   2.9226E-21
      14.4000   2.8825E-21
      14.4980   2.8623E-21
      14.5000   2.8619E-21
      14.5010   2.8617E-21
      14.5635   2.8489E-21
      14.6000   2.8414E-21
      14.6356   2.8341E-21
      14.7000   2.8209E-21
      14.7700   2.8065E-21
      14.8000   2.8004E-21
      14.9865   2.7621E-21
      14.9953   2.7603E-21
      15.0000   2.7593E-21
      15.0010   2.7591E-21
      15.0201   2.7552E-21
      15.2000   2.7183E-21
      15.2229   2.7136E-21
      15.3674   2.6839E-21
      15.4000   2.6772E-21
      15.5000   2.6567E-21
      15.5010   2.6565E-21
      15.5576   2.6449E-21
      15.6000   2.6362E-21
      15.6247   2.6311E-21
      15.7984   2.5955E-21
      15.8000   2.5951E-21
      15.8489   2.5851E-21
      15.9841   2.5574E-21
      16.0000   2.5541E-21
      16.0010   2.5539E-21
      16.1358   2.5262E-21
      16.2000   2.5131E-21
      16.2470   2.5034E-21
      16.4000   2.4720E-21
      16.4851   2.4545E-21
      16.4948   2.4525E-21
      16.5000   2.4515E-21
      16.5010   2.4513E-21
      16.5221   2.4470E-21
      16.6000   2.4310E-21
      16.6667   2.4173E-21
      16.7683   2.3964E-21
      16.7833   2.3934E-21
      16.8000   2.3899E-21
      16.9426   2.3607E-21
      17.0000   2.3489E-21
      17.0010   2.3487E-21
      17.1134   2.3256E-21
      17.1872   2.3105E-21
      17.2000   2.3078E-21
      17.4000   2.2668E-21
      17.5000   2.2463E-21
      17.5010   2.2461E-21
      17.6000   2.2257E-21
      17.6224   2.2211E-21
      17.7897   2.1868E-21
      17.8000   2.1847E-21
      17.8717   2.1700E-21
      18.0000   2.1436E-21
      18.0010   2.1434E-21
      18.1336   2.1162E-21
      18.1443   2.1140E-21
      18.1743   2.1079E-21
      18.2000   2.1026E-21
      18.4000   2.0616E-21
      18.5036   2.0403E-21
      18.6000   2.0205E-21
      18.6792   2.0043E-21
      18.8000   1.9795E-21
      18.8247   1.9744E-21
      18.9059   1.9577E-21
      19.0000   1.9384E-21
      19.2000   1.8974E-21
      19.3070   1.8754E-21
      19.4000   1.8563E-21
      19.4287   1.8504E-21
      19.6000   1.8153E-21
      19.6132   1.8126E-21
      19.6304   1.8090E-21
      19.6589   1.8032E-21
      19.8000   1.7742E-21
      19.9470   1.7441E-21
      19.9526   1.7429E-21
      19.9588   1.7427E-21
      19.9917   1.7413E-21
      20.0000   1.7410E-21
      20.1014   1.7369E-21
      20.4002   1.7249E-21
      20.5938   1.7171E-21
      20.7072   1.7125E-21
      20.7965   1.7089E-21
      21.0000   1.7007E-21
      21.0646   1.6981E-21
      21.4202   1.6838E-21
      21.5444   1.6788E-21
      21.6235   1.6756E-21
      21.6247   1.6756E-21
      21.9417   1.6628E-21
      21.9546   1.6623E-21
      21.9909   1.6608E-21
      22.0000   1.6604E-21
      22.2300   1.6512E-21
      22.4912   1.6406E-21
      22.7047   1.6320E-21
      22.7779   1.6291E-21
      22.8762   1.6251E-21
      23.0000   1.6201E-21
      23.6157   1.5953E-21
      23.6449   1.5942E-21
      23.7872   1.5884E-21
      23.8399   1.5863E-21
      24.0000   1.5798E-21
      24.1359   1.5744E-21
      24.1501   1.5738E-21
      24.1900   1.5722E-21
      24.7965   1.5478E-21
      25.0000   1.5396E-21
      25.0319   1.5383E-21
      25.0557   1.5373E-21
      25.1189   1.5348E-21
      25.1638   1.5330E-21
      25.5955   1.5156E-21
      25.9502   1.5013E-21
      26.0000   1.4993E-21
      26.0363   1.4978E-21
      26.1659   1.4926E-21
      26.2835   1.4878E-21
      26.5494   1.4771E-21
      26.5651   1.4765E-21
      26.6090   1.4747E-21
      27.0000   1.4590E-21
      27.3382   1.4453E-21
      27.5612   1.4364E-21
      27.5977   1.4349E-21
      27.6801   1.4316E-21
      28.0000   1.4187E-21
      28.1305   1.4134E-21
      28.4804   1.3993E-21
      28.7051   1.3903E-21
      28.9776   1.3793E-21
      29.0000   1.3784E-21
      29.2044   1.3702E-21
      29.2216   1.3695E-21
      29.2699   1.3675E-21
      29.4705   1.3594E-21
      30.0000   1.3381E-21
      30.1403   1.3324E-21
      30.3174   1.3253E-21
      30.4264   1.3209E-21
      30.4482   1.3200E-21
      31.0000   1.2978E-21
      31.2572   1.2874E-21
      31.6228   1.2727E-21
      31.6473   1.2717E-21
      31.9477   1.2596E-21
      32.0000   1.2575E-21
      32.1248   1.2525E-21
      32.1438   1.2517E-21
      32.1969   1.2496E-21
      33.0000   1.2172E-21
      33.2297   1.2080E-21
      33.3333   1.2038E-21
      33.3491   1.2032E-21
      33.4930   1.1974E-21
      33.5451   1.1953E-21
      33.9322   1.1797E-21
      34.0000   1.1769E-21
      34.3047   1.1647E-21
      34.8912   1.1410E-21
      35.0000   1.1366E-21
      35.2224   1.1277E-21
      35.3373   1.1230E-21
      35.3582   1.1222E-21
      35.4166   1.1199E-21
      36.0000   1.0963E-21
      36.4158   1.0796E-21
      36.6358   1.0707E-21
      36.6840   1.0688E-21
      36.8423   1.0624E-21
      36.9835   1.0567E-21
      37.0000   1.0561E-21
      37.4629   1.0374E-21
      37.6494   1.0299E-21
      38.0000   1.0158E-21
      38.4676   9.9693E-22
      38.8327   9.8221E-22
      38.8940   9.7974E-22
      39.0000   9.7547E-22
      39.0694   9.7268E-22
      39.2489   9.6544E-22
      39.8107   9.4281E-22
      40.0000   9.3518E-22
      40.3524   9.2098E-22
      40.3909   9.1943E-22
      40.5265   9.1397E-22
      40.7743   9.0398E-22
      41.0000   8.9489E-22
      41.3201   8.8199E-22
      42.0000   8.5460E-22
      42.4105   8.3806E-22
      42.7834   8.2303E-22
      42.8130   8.2184E-22
      43.0000   8.1431E-22
      44.0000   7.7401E-22
      44.3876   7.5839E-22
      44.5310   7.5262E-22
      44.5792   7.5068E-22
      44.9537   7.3559E-22
      44.9843   7.3435E-22
      45.0000   7.3372E-22
      45.3488   7.1967E-22
      46.0000   6.9343E-22
      46.7576   6.6291E-22
      47.0000   6.5314E-22
      47.0617   6.5065E-22
      47.2014   6.4502E-22
      48.0000   6.1285E-22
      48.8264   5.7955E-22
      49.0000   5.7256E-22
      49.0371   5.7106E-22
      49.0954   5.6871E-22
      49.5614   5.4993E-22
      49.7702   5.4152E-22
      49.9950   5.3246E-22
      50.0000   5.3226E-22
      50.1187   5.2748E-22
      51.0000   5.2170E-22
      51.5502   5.1810E-22
      51.7679   5.1667E-22
      51.7948   5.1649E-22
      52.0000   5.1515E-22
      52.0395   5.1489E-22
      53.0000   5.0859E-22
      53.0060   5.0855E-22
      53.1249   5.0777E-22
      53.7090   5.0395E-22
      53.9408   5.0243E-22
      54.0000   5.0204E-22
      54.6228   4.9796E-22
      55.0000   4.9548E-22
      56.0000   4.8893E-22
      57.0000   4.8237E-22
      58.0000   4.7582E-22
      58.8735   4.7009E-22
      59.0000   4.6926E-22
      59.6362   4.6509E-22
      59.9484   4.6305E-22
      60.0000   4.6271E-22
      61.0000   4.5615E-22
      62.0000   4.4960E-22
      63.0000   4.4304E-22
      63.0957   4.4242E-22
      64.0000   4.3649E-22
      65.0000   4.2993E-22
      65.7933   4.2473E-22
      66.0000   4.2338E-22
      66.6600   4.1905E-22
      66.6667   4.1901E-22
      67.0000   4.1682E-22
      68.0000   4.1027E-22
      68.6649   4.0591E-22
      69.0000   4.0371E-22
      70.0000   3.9716E-22
      71.0000   3.9060E-22
      72.0000   3.8405E-22
      72.2081   3.8268E-22
      73.0000   3.7749E-22
      74.0000   3.7094E-22
      74.2964   3.6899E-22
      75.0000   3.6438E-22
      76.0000   3.5783E-22
      77.0000   3.5127E-22
      77.3253   3.4914E-22
      77.6518   3.4700E-22
      78.0000   3.4472E-22
      78.0593   3.4433E-22
      79.0000   3.3816E-22
      79.0604   3.3777E-22
      79.2483   3.3653E-22
      79.4328   3.3532E-22
      79.5089   3.3483E-22
      79.6874   3.3366E-22
      80.0000   3.3161E-22
      80.5636   3.2791E-22
      80.9112   3.2563E-22
      81.0000   3.2505E-22
      82.0000   3.1850E-22
      83.0000   3.1194E-22
      84.0000   3.0539E-22
      85.0000   2.9883E-22
      86.0000   2.9228E-22
      86.9749   2.8589E-22
      87.0000   2.8572E-22
      88.0000   2.7917E-22
      88.3100   2.7713E-22
      88.9244   2.7311E-22
      89.0000   2.7261E-22
      90.0000   2.6606E-22
      91.0000   2.5950E-22
      91.0298   2.5930E-22
      92.0000   2.5295E-22
      93.0000   2.4639E-22
      94.0000   2.3984E-22
      95.0000   2.3328E-22
      95.4548   2.3030E-22
      96.0000   2.2672E-22
      97.0000   2.2017E-22
      98.0000   2.1361E-22
      99.0000   2.0706E-22
     100.0000   2.0050E-22
     104.7616   2.0050E-22
     104.8113   2.0050E-22
     114.9757   2.0050E-22
     115.9879   2.0050E-22
     116.4778   2.0050E-22
     117.0889   2.0050E-22
     118.5215   2.0050E-22
     119.2634   2.0050E-22
     119.5314   2.0050E-22
     120.6793   2.0050E-22
     120.8453   2.0050E-22
     121.3670   2.0050E-22
     126.1857   2.0050E-22
     132.4650   2.0050E-22
     138.4886   2.0050E-22
     138.9495   2.0050E-22
     151.9911   2.0050E-22
     157.9842   2.0050E-22
     159.9859   2.0050E-22
     166.8101   2.0050E-22
     173.9819   2.0050E-22
     174.7166   2.0050E-22
     175.6334   2.0050E-22
     178.8951   2.0050E-22
     179.2967   2.0050E-22
     181.2680   2.0050E-22
     182.0500   2.0050E-22
     183.0738   2.0050E-22
     184.2070   2.0050E-22
     192.2521   2.0050E-22
     198.6975   2.0050E-22
     200.0000   2.0050E-22
     200.9233   2.0050E-22
     210.6456   2.0050E-22
     212.0951   2.0050E-22
     220.5131   2.0050E-22
     242.0128   2.0050E-22
     244.2053   2.0050E-22
     250.0000   2.0050E-22
     260.9729   2.0050E-22
     262.0750   2.0050E-22
     263.4501   2.0050E-22
     265.6088   2.0050E-22
     268.3427   2.0050E-22
     268.9451   2.0050E-22
     271.9020   2.0050E-22
     273.0750   2.0050E-22
     280.6386   2.0050E-22
     281.1769   2.0050E-22
     291.5053   2.0050E-22
     298.0465   2.0050E-22
     300.0000   2.0050E-22
     319.9267   2.0050E-22
     323.7458   2.0050E-22
     351.1192   2.0050E-22
     372.7594   2.0050E-22
     374.6292   2.0050E-22
     385.3529   2.0050E-22
     391.4593   2.0050E-22
     392.2369   2.0050E-22
     393.1125   2.0050E-22
     395.1751   2.0050E-22
     400.0000   2.0050E-22
     402.5140   2.0050E-22
     403.4170   2.0050E-22
     407.8530   2.0050E-22
     409.6130   2.0050E-22
     422.9243   2.0050E-22
     429.1934   2.0050E-22
     447.0695   2.0050E-22
     464.1589   2.0050E-22
     494.1713   2.0050E-22
     499.9500   2.0050E-22
     500.0000   2.0050E-22
     509.4138   2.0050E-22
     559.0810   2.0050E-22
     568.9866   2.0050E-22
     587.1890   2.0050E-22
     589.6687   2.0050E-22
     592.7626   2.0050E-22
     600.0000   2.0050E-22
     603.7711   2.0050E-22
     605.1261   2.0050E-22
     611.7795   2.0050E-22
     613.5907   2.0050E-22
     614.4190   2.0050E-22
     655.1286   2.0050E-22
     666.6000   2.0050E-22
     670.6050   2.0050E-22
     673.4151   2.0050E-22
     700.0000   2.0050E-22
     739.0722   2.0050E-22
     754.3120   2.0050E-22
     800.0000   2.0050E-22
     800.2504   2.0050E-22
     811.1308   2.0050E-22
     868.5114   2.0050E-22
     880.7834   2.0050E-22
     884.5030   2.0050E-22
     889.1439   2.0050E-22
     889.2444   2.0050E-22
     890.2151   2.0050E-22
     900.0000   2.0050E-22
     905.6568   2.0050E-22
     907.6892   2.0050E-22
     917.6693   2.0050E-22
     921.6290   2.0050E-22
     977.0100   2.0050E-22
    1000.0000   2.0050E-22
    1005.9050   2.0050E-22
    1072.2670   2.0050E-22
    1176.8120   2.0050E-22
    1185.2148   2.0050E-22
    1291.5500   2.0050E-22
    1321.1750   2.0050E-22
    1326.7550   2.0050E-22
    1333.7160   2.0050E-22
    1358.4848   2.0050E-22
    1361.5305   2.0050E-22
    1376.5040   2.0050E-22
    1382.4400   2.0050E-22
    1393.4330   2.0050E-22
    1417.4740   2.0050E-22
    1508.8600   2.0050E-22
    1555.6760   2.0050E-22
    1580.5086   2.0050E-22
    1707.3530   2.0050E-22
    1873.8170   2.0050E-22
    1981.7630   2.0050E-22
    1990.1320   2.0050E-22
    2000.0000   2.0050E-22
    2000.5740   2.0050E-22
    2037.7275   2.0050E-22
    2042.3024   2.0050E-22
    2056.5120   2.0050E-22
    2064.7560   2.0050E-22
    2073.6600   2.0050E-22
    2107.7892   2.0050E-22
    2257.0200   2.0050E-22
    2263.2900   2.0050E-22
    2477.0760   2.0050E-22
    2524.3560   2.0050E-22
    2718.5880   2.0050E-22
    2811.0522   2.0050E-22
    2972.6440   2.0050E-22
    2983.6470   2.0050E-22
    2985.1980   2.0050E-22
    3000.8610   2.0050E-22
    3056.5910   2.0050E-22
    3063.4470   2.0050E-22
    3097.1340   2.0050E-22
    3110.5000   2.0050E-22
    3274.5490   2.0050E-22
    3394.9350   2.0050E-22
    3593.8140   2.0050E-22
    3748.2918   2.0050E-22
    3944.2060   2.0050E-22
    4000.0000   2.0050E-22
    4060.7120   2.0050E-22
    4328.7610   2.0050E-22
    4458.9660   2.0050E-22
    4477.7970   2.0050E-22
    4501.2910   2.0050E-22
    4584.8861   2.0050E-22
    4595.1738   2.0050E-22
    4645.7010   2.0050E-22
    4665.7500   2.0050E-22
    4750.8100   2.0050E-22
    4998.8334   2.0050E-22
    5000.0000   2.0050E-22
    5092.4000   2.0050E-22
    5214.0080   2.0050E-22
    5722.3680   2.0050E-22
    6280.2910   2.0050E-22
    6532.1130   2.0050E-22
    6666.0000   2.0050E-22
    6688.4490   2.0050E-22
    6716.6950   2.0050E-22
    6751.9370   2.0050E-22
    6877.3322   2.0050E-22
    6892.6120   2.0050E-22
    6892.7773   2.0050E-22
    6968.5510   2.0050E-22
    6998.6200   2.0050E-22
    7100.0000   2.0050E-22
    7564.6330   2.0050E-22
    8302.1760   2.0050E-22
    9111.6280   2.0050E-22
   10000.0000   2.0050E-22
   10032.6700   2.0050E-22
   10075.0400   2.0050E-22
   10127.9000   2.0050E-22
   10452.8300   2.0050E-22
   10497.9000   2.0050E-22
   10507.6500   2.0050E-22
  
